316|-chi|1|9
439|-debe|1|3
4668|ehi|1|2
4874|i|1|2
5011|ike|1|4
5311|metụ|1|2
11192|isiòbòdò|1|1
11193|kesà|1|1
6139|nwannē|1|2
6142|nwannē nwokē|1|2
6306|ogwè|1|2
11194|mkpụrụụ̀dà|1|1
11195|ịtụ̄nanya|1|1
11196|mmanyangwọ̀|1|1
6933|àgìdi|1|2
7212|ìgwè|1|2
8323|ǹtàǹta|1|2
8866|àgbàrà|1|2
8867|Àdaèzè|1|1
8868|ngwaaghā|1|1
8869|gba agidigi|1|1
8870|àkị̀rị|1|1
8916|bupụ̀|1|1
8917|bịachi anyā|1|1
8918|chekwa|1|1
8919|budà|1|1
8920|buli elū|1|1
8872|kpọ|1|11
8873|ta akị|1|1
8874|òmiīwū|1|1
8875|tè akā|1|1
8876|fọ|1|2
8877|àkpàtìozū|1|1
8878|efere|1|1
8879|àghara|1|1
8880|kwa akwā|1|1
8881|àhụ̀ọnụ̄|1|1
8882|bù ibù|1|2
8883|ụlàahị̄ā|1|1
8885|bu ajụ̀|1|1
8886|àrị|1|1
8887|gba akwụkwọ|1|1
8888|tà arụ|1|1
8889|chà|1|2
8890|bọ ntọ̀ọọ̄|1|1
8891|àgbọghọbị̀à|1|1
8892|bo|1|1
8893|àkwamoozu|1|1
8895|cha ọkụ|1|1
8896|Bèkeè|1|1
8897|ahōòtūtū|1|1
8898|kpa àgwà|1|1
8899|sekpù(rù) àlà|1|1
8900|ba|1|4
8901|bu ụzọ̀|1|1
8902|bu amụma|1|1
8903|bịam̀bịam̀gbòchi|1|1
8904|ògbuānụ̄|1|1
8905|chi ntị̀|1|1
8906|tọ̀ ǹtọàlà|1|1
8907|dị ime|1|1
8908|da ụ̀dà|1|1
8909|chi echichi|1|1
8910|ụ̀bọākwārà|1|1
8911|èziamā|1|1
8912|bawanye|1|1
8913|chè|1|1
8914|bì ugwù|1|1
8915|dàdo|1|1
8921|cha èdoèdò|1|1
8922|chedo|1|1
8923|bà urù|1|1
8924|bekwàsa|1|1
8925|gwè|1|2
8926|bì aghọrị̄|1|1
8927|gha anya|1|1
8928|bukwàsà|1|1
8929|kpa amụ̄|1|1
8930|bipụ̀ta|1|1
8931|bēkù|1|1
8932|bute|1|1
8933|bụta|1|1
8934|beka|1|1
8935|fù ụzọ̀|1|1
8936|ewōō|1|1
8937|chè echìchè|1|1
8938|ebelebe|1|1
8939|chụ|1|1
8940|bì ubìrì|1|1
8941|chu ụrā|1|1
8942|de ire|1|1
8943|bìlì|1|1
8944|chụdà|1|1
8945|dīnà n̄kọ̄|1|1
8946|kpata egō|1|1
8947|Awelē|1|1
8948|egbùgberọọnụ̄|1|1
8949|gbàrà ike|1|1
8950|ụlìikpē|1|1
8951|dechàpụ̀|1|1
8952|ilu|1|2
8953|ikwunnē|1|1
8954|gbàm̀|1|1
8955|izụ̀ụkà|1|1
8956|gwa okwu|1|1
8957|dị ndụ̀|1|1
8958|dị egwù|1|1
8959|ifirife|1|1
8960|onyiisiochē|1|1
8961|nụ isì|1|1
8962|kù|1|3
8963|ịhụ̀naanya|1|1
8964|ngwọọ̀gụ̀|1|1
8965|ihearịma|1|1
8966|gbu|1|5
8967|isiọjọọ̄|1|1
8968|kpọ ǹtu|1|1
8969|tụ̄wā īmē|1|1
8970|gba nchārā|1|1
8971|gọ agọ̄|1|1
8972|ìkìlìụkwụ̄|1|1
8973|sọji|1|1
8974|hụ ụzọ̀|1|1
8975|kpọ òmìmì|1|1
8976|fufè isī|1|1
8977|gbà umē|1|1
8978|gba ụkwụ̄|1|1
8979|ihem̀bèrèdē|1|1
8980|ngwaọrụ̄|1|1
8981|fè ofè|1|1
8982|mgbòchī|1|1
8983|anụụlọ̀|1|1
8984|gwụ|1|2
8985|gba ìzù|1|1
8986|ọ̀gwọǹnọ̀ọrị̀à|1|1
8987|kpa okè|1|1
8988|gha agha|1|1
8989|chọ mmā|1|1
8990|gha|1|2
8991|kpè|1|2
8992|goji|1|1
8993|isiikē|1|1
8994|ma ọkwà|1|1
8995|kọ (ọkọ)|1|1
8996|gba egbè|1|1
8997|ezènwaànyị̀|1|1
8998|-hìè|1|1
8999|gwa|1|1
9000|ìtolū|1|1
9001|gbàkọ̀|1|1
9002|de|1|3
9003|ofiliisī|1|1
9004|èkòmekò|1|1
9005|ka n̄kā|1|1
9006|òtim̄kpū|1|1
9007|tụ m̀kpọrọ|1|1
9008|ja ike|1|1
9009|-gide|1|1
9010|meghe|1|1
9011|ghe ugherē|1|1
9609|ri|1|1
9012|kwụ ụgwọ|1|1
9013|fe ǹzà|1|1
9015|ikeọ̄gwụ̄gwụ̄|1|1
9016|ghọ|1|2
9017|kà ụkà|1|1
9018|kwōpụ̀|1|1
9019|tụ̀ mbọ̄|1|1
9020|jè|1|1
9021|sa m̄bārā|1|1
9022|ìkpeǹkwụ̀mọọtọ|1|1
9023|dè (edè)|1|1
9024|dà jụ̀ụ̀|1|1
9025|ikerike ọkụ̄|1|1
9026|dọbi|1|1
9027|dētọ̣̀|1|1
9028|Ǹsìnụ̀ụ̀dà|1|1
9029|asụ|1|1
9030|ngwongwo|1|2
9031|ìmèriìmè|1|1
9032|kpọ iyī|1|1
9033|kpē m̄kpēsā|1|1
9034|kpọnkwèm̀|1|1
9035|òsuīmī|1|1
9036|jè ejìjē|1|1
9037|dà ìwu|1|1
9038|kwē isi|1|1
9039|kụji|1|1
9040|kū|1|1
9041|mị̀|1|2
9042|la āzụ̄|1|1
9043|mkparịtụụkà|1|1
9044|ọ̀choōkwū|1|1
9045|gbanye|1|2
9046|ri akaāzụ̄|1|1
9047|rụ ajo ọrụ|1|1
9048|lịghịlịghị|1|1
9049|kịrịkịrị|1|1
9050|kpọkọ̀|1|1
9051|ngūrū|1|1
9052|ṅòmì|1|1
9053|òdìgìrì|1|1
9054|bụ̀ abụ̀|1|1
9055|agụiyī|1|1
9056|nyụ̄ n̄kọ̄|1|1
9057|nnàa|1|1
9058|nọ̀|1|1
9059|ịsam|1|1
9060|m̀gbaàmà|1|2
9061|àkwàndinà|1|1
9062|nkwụenū|1|1
9063|wa ọhịā|1|1
9065|tụkwàsị̀ obì|1|1
9066|h|1|1
9067|kpọ asị̀|1|1
9068|àkpàmaāmmị̄rị̄|1|1
9069|òmen̄jọ̄|1|1
9070|ahànnà|1|1
9071|ǹjìiì|1|1
9072|zu òkè|1|1
9073|te ofe|1|2
9074|nọ̀chì|1|1
9075|ogho|1|1
9076|m̀kpareegbè|1|1
9077|kpukpù|1|1
9078|Nwabụ̄ēzè|1|1
9079|wa anya|1|1
9080|kpụkọ̀|1|1
9081|nnoochìè|1|1
9082|lọ ụ̀wà|1|1
9083|ụlọ̀ nsọ̄|1|1
9084|màràmàrà|1|1
9085|afọọ̄mā|1|1
9086|ju afọ|1|1
9087|tinye akā|1|1
9088|kpù|1|1
9089|kpochi|1|1
9090|kọ|1|6
9091|tụ̀ ahịa|1|1
9092|okāàbụ̀rụ̀|1|1
9093|metā|1|1
9094|makọ|1|1
9095|bà ọ̀gụ̀|1|1
9096|kpọ ahà|1|1
9097|ùsùaghā|1|1
9098|àlịyà|1|1
9099|òtìto|1|1
9100|gba mkpị̀|1|2
9101|jụ ajụjụ|1|1
9102|kpọghe|1|1
9103|mma āhụ̄|1|1
9104|za ahà|1|1
9105|akị|1|1
9106|gụ̀ ahà|1|1
9107|mụ̀ke|1|1
9108|kụwa|1|1
9109|ìkìlìakā|1|1
9110|nwòghàrị̀|1|1
9111|ahịhịa ọgwụ̀|1|1
9112|Nnàbụ̀ihe|1|1
9113|ma àbụ̀bà|1|1
9114|efè ụkà|1|1
9115|ǹkwuma|1|1
9116|ahà oyìbo|1|1
9117|ṅa ntị̀|1|1
9118|Pànya|1|1
9119|agụụ̄ mmīrī|1|1
9120|lụ̀ agha|1|1
9122|wèli akā|1|1
9123|chụ àjà|1|1
9124|nye aka|1|1
9125|àgbàtòobì|1|1
9127|tọkị̀rị̀|1|1
9128|àkpànnwā|1|1
9129|ajọ̄īsī|1|1
9130|dà àkwụkwụ̀|1|1
9131|bì|1|4
9132|akiilū|1|1
9133|pu|1|1
9134|gba aka|1|1
9135|nwe àkọnùuchè|1|1
9136|yi|1|3
9137|ke agbụ|1|1
9138|m̀kpịsịakā|1|1
9139|afọōjūjū|1|1
9140|mwàchi|1|1
9141|chịli akā|1|1
9142|anụnnamà|1|1
9143|mmiriaraehī|1|1
9144|akwụkwọnrī|1|1
9145|èfè ụrā|1|1
9146|mwufè|1|1
9147|aṅàashị̀|1|1
9148|gụ agụụ̄|1|1
9149|hụsì anyā|1|1
9150|pị̀ amụ̀|1|1
9151|akoodō|1|1
9152|ọ̀wụwaanyanwụ̄|1|1
9153|bìli ọtọ̄|1|1
9154|chọ|1|2
9155|afànnà|1|1
9156|bọ̀ ụbọ̀|1|1
9157|chā ọ̀bàraọ̀bàrà|1|1
9158|bukọ̀|1|1
9159|gba àzị̀anyàsị̀|1|1
9160|tọ̀ anyā|1|1
9161|lelị̀ anya|1|1
9162|bèlata|1|1
9163|ọ̀hụụ̀zọ̀|1|1
9164|che ihu|1|1
9165|bido|1|2
9166|de akwà|1|1
9167|ghọ̀ aghụ̀ghọ̀|1|1
9168|ṅụ arā|1|1
9169|tòrotòro|1|1
9170|bèlụsọ̀|1|1
9171|akeebē|1|1
9172|àkpị̀rìidè|1|1
9173|bà anya|1|1
9174|anwụntà|1|1
9175|akam̄gbā|1|1
9176|akpaàlòokwū|1|1
9177|ụlāàlà|1|1
9178|efe mmụọ̄|1|1
9179|uteekwerē|1|1
9180|dabànyè|1|1
9181|che|1|1
9182|ǹhàtaǹhà|1|1
9183|bụ ākwā|1|1
9184|bọsà|1|1
9185|da ọkụ̄|1|1
9186|dàchì|1|1
9187|eririọkụ̄|1|1
9188|mbàtā|1|1
9189|bị̄ārū|1|1
9190|afọ ọ̀bara|1|1
9191|dị̀ àlà|1|1
9192|nù agbọọ̄|1|1
9193|ǹchịchị̄|1|1
9194|chụ̄mì|1|1
9195|dekwu|1|1
9196|dàjì|1|1
9197|chụpụ̀|1|1
9198|dànye|1|1
9199|zụ ahịa|1|1
9200|dà ogbù|1|1
9201|gbà akwụkwọ|1|1
9202|ùdeakị̄|1|1
9203|tàatà|1|1
9204|chègharị|1|1
9205|òriàkụ̀|1|1
9206|bu agha|1|1
9207|dọ nkì|1|1
9208|bọ̀ ọrà|1|1
9209|bìchì|1|1
9210|tu ahà|1|1
9211|akwàmgbòchī|1|1
9212|ba ụ̄bā|1|1
9213|dàgbù|1|1
9214|àmụ̀màmmīrī|1|1
9215|mbàchara|1|1
9216|àkwàmmīrī|1|1
9217|ọbụlà|1|2
9218|anụọhịā|1|1
9219|chị̄pụ̀|1|1
9220|dànarị|1|1
9221|anụehī|1|1
9222|ahāǹjakị̀rị̀|1|1
9223|to ākpị̄rị̄|1|1
9224|dāpụ̀tà|1|1
9226|bà|1|4
9227|m̀mènwụ|1|1
9228|chịkọta|1|1
9229|jì aka|1|1
9230|rụ|1|3
9231|dị mma n'anya|1|1
9232|dā|1|1
9233|akanrī|1|1
9234|òkènọọrụ|1|1
9235|aṅàrà|1|1
9236|aghọ(rị)|1|1
9237|tụ̀ aka|1|1
9238|dà adà|1|1
9239|wēdàtà àlà|1|1
9240|ọ̀kwaākwà|1|1
9241|mkpughuru|1|1
9242|bì akwụkwọ|1|1
9243|abụ̀ọma|1|1
9244|gba onwè|1|1
9246|ọnụzàamā|1|1
9247|bepụ̀|1|1
9248|bàta|1|1
9249|gba afa|1|1
9250|ọnụahị̄ā|1|1
9251|akantụtụ̀|1|1
9252|tọ̀ ntị̀|1|1
9253|egbòokwū|1|1
9254|dọ̀|1|1
9255|m̀gbanaaka|1|1
9256|bebì̀|1|1
9257|èbùlè|1|1
9258|kpù àkwa|1|1
9259|bègō|1|1
9260|yi ākwā|1|1
9261|ọgwụ̀afọ̄|1|1
9262|dà|1|3
9263|kọ akụkọ|1|1
9264|mākpù|1|1
9265|ṅụ̀rị|1|1
9266|àchàrà|1|1
9267|ma akwụkwọ|1|1
9268|ụmụ̀akwụkwọ|1|1
9269|Chukwuēmēkā|1|1
9270|ụgbọàlà|1|1
9271|àwọ̀m̀|1|1
9272|ahọ̀ọnọ̀chī|1|1
9273|bìdébé|1|1
9274|anụezì|1|1
9275|gharị̀pụ̀|1|1
9276|ta ahụhụ|1|1
9277|akpụ̀akā|1|1
9278|akpụ̀okwū|1|1
9281|gabìgà|1|1
9282|bītè aka|1|1
9284|chụsà|1|1
9285|debà|1|1
9286|bugharị|1|1
9287|bụ ọnụ̄|1|1
9288|bị̄ākètà|1|1
9289|anwụ̀rụ̀|1|1
9290|buli ijè|1|1
9291|alighịrị|1|1
9292|chīchàpụ̀|1|1
9293|Ọdị̀nakachūkwū|1|1
9294|enyi nwaanyị|1|1
9295|kpọsa ahịa|1|1
9296|ọ̀gbeēgwū|1|1
9297|amòokwū|1|1
9298|tò|1|1
9299|chīzù|1|1
9300|bula|1|1
9301|ǹtọàlà|1|1
9302|arịrị|1|1
9303|chọ okwū|1|1
9304|chịrị|1|1
9305|ebìghị̀èbì|1|1
9306|gbụ asụ̄|1|1
9307|kwụ ụ̀dọ̀|1|1
9308|chètà|1|1
9309|nyụ|1|2
9310|àkọnùuchè|1|1
9311|dị anya|1|1
9312|bịa n̄sō|1|1
9313|dere duu|1|1
9314|ibo|1|2
9315|chu mmirī|1|1
9316|nw|1|1
9317|ntụ̀liakā|1|1
9318|bụ̄ ụ̄bụ̄|1|1
9319|afọọ̄sị̄sā|1|1
9320|gbaka ǹtì|1|1
9321|chu|1|2
9322|gbakèrì àlà|1|1
9323|ero|1|1
9324|chāchị̄|1|1
9325|Ezūùgò|1|1
9326|bo àpà|1|1
9327|bụ isi|1|1
9328|eziòmùmē|1|1
9329|chi ezè|1|1
9330|cha ọchā|1|1
9331|ka anya|1|1
9332|chò|1|1
9333|bọ̀|1|1
9334|eririafọ̄|1|1
9336|bìgbọ̀|1|1
9337|fe|1|2
9338|Ògbuāgụ̄|1|1
9339|dàbè|1|1
9340|ụgbaàmàrà|1|1
9341|àkpịrị̄|1|1
9342|kpa akwụkwọ|1|1
9343|būsò agha|1|1
9344|bụ̀ ụmụ̀|1|1
9345|ànyịnwà|1|1
9346|chị achị|1|1
9347|chụghàchì|1|1
9348|me|1|2
9349|kwọ akā|1|1
9350|tabì anyā|1|1
9351|unèrèezì|1|1
9352|dàkụ̀|1|1
9353|kpe ēkpērē|1|1
9354|le anya|1|1
9355|pị̀(chà)|1|1
9356|berì|1|1
9357|lekwàsà anya|1|1
9359|gbapụ̀tà|1|1
9360|chē n̄chē|1|1
9361|bi|1|3
9362|mmirīara|1|1
9363|ba ọ̀gàrànyà|1|1
9364|jìkọ̀(tà)|1|1
9365|chị̄tā|1|1
9366|kpa àkụ̀|1|1
9367|chị̄kọ̀|1|1
9368|ụ̀tàasụ̀sụ|1|1
9369|ntasìobì|1|1
9370|nwe akantachị|1|1
9371|m̀yìrì|1|1
9372|cha anyarị|1|1
9373|bīsà|1|1
9374|egbìigwē|1|1
9375|gbasa|1|1
9376|ǹtànììmolokō|1|1
9377|laghachi àzụ|1|1
9378|dò|1|2
9379|gbadàtà|1|1
9380|cha|1|1
9381|akaèkpè|1|1
9382|bì ọmà|1|1
9383|chị̀ ọchị̀|1|1
9384|dàchigha azụ|1|1
9385|che ọjị|1|1
9386|fufè|1|1
9387|hicha|1|1
9388|ndezù|1|1
9389|fụkọ̀|1|1
9390|ụlàakwụkwọ|1|1
9391|mmèekwū|1|1
9392|eligwē|1|1
9393|bo ibū|1|1
9394|nghọtàhie|1|1
9395|gbu ikpèrè|1|1
9396|deta letà|1|1
9397|mkpụrụ̄āmụ̀|1|1
9398|dà ogbènyè|1|1
9399|bọ̀kàsị̀|1|1
9400|chefù|1|1
9402|abịịdịị|1|1
9403|ụkọ̀chukwu|1|1
9404|bami|1|1
9405|gbàgbù|1|1
9406|kpacha anyā|1|1
9407|nhagidookwū|1|1
9408|onyaamụma|1|1
9409|Mụnàchim̄sò|1|1
9410|ebìogwū|1|1
9411|din̄tā|1|1
9412|m̀bọ̀m̀chi|1|1
9413|ọ̀gbaàmà|1|1
9414|desị mmirī|1|1
9415|bìnyè|1|1
9416|chā ntụn̄tụ̄|1|1
9417|òkpuūdō|1|1
9418|dò àhụ|1|1
9419|ǹkùanyā|1|1
9420|bị̄ākwùtè|1|1
9421|diòchì|1|1
9422|ndịaghā|1|1
9423|tụ ụjọ̄|1|1
9424|nkatọ̀|1|1
9425|m̀mèrònwe|1|1
9426|Dàberechī|1|1
9427|godu|1|1
9428|dịkà|1|1
9429|dị̄ m̄mā|1|1
9431|dàghàrị̀|1|1
9432|èfùleèfù|1|1
9433|orìè|1|1
9434|bọ èzi|1|1
9435|dọ|1|4
9436|bara m̀ba|1|1
9437|bụ ejima|1|1
9438|chagbū|1|1
9439|Ezènnwā|1|1
9440|ìgbùdùokwū|1|1
9441|gwūsò egwu|1|1
9442|dàkọ̀ ọnụ̄|1|1
9443|àlịlà|1|1
9444|mkpakariigwè|1|1
9445|dị̄ ọ̄nụ̄|1|1
9446|dāfè|1|1
9447|ànyàrị̀|1|1
9448|nkwarụ|1|1
9449|anụmaànụ̀|1|1
9450|ekenèegwùrùgwù|1|1
9451|eboōbībī|1|1
9452|èkpìrì|1|1
9453|dàchà|1|1
9454|isiọ̄wụ̄wā|1|1
9455|ọ̀zàrà|1|1
9456|gbu m̄gbū|1|1
9457|dị èberè|1|1
9458|gbā m̄bọ̀|1|1
9459|ikòrò|1|1
9460|kụjà|1|2
9461|wụ̀lì elu|1|1
9462|dàjụ̀|1|1
9463|mkpamkpa|1|1
9464|obìikē|1|1
9465|ch̄edō mmirī|1|1
9466|dīnàjì|1|1
9467|fụ̀nyụ̀|1|1
9468|èbùlìmmīrī|1|1
9469|chègbu|1|1
9470|kwụ̀ chị̀m|1|1
9471|dàwà|1|1
9473|gwọ̀ ofe|1|1
9474|fụ ụ̀fụ|1|1
9475|hụ ìnyègè|1|1
9476|ùgbòrò|1|1
9477|chāghārị̄|1|1
9478|dābà|1|1
9479|dim̄gbā|1|1
9480|chụ̄ ọ̄sọ̄|1|1
9481|wepụ̀|1|1
9482|gwù egwu|1|1
9483|dị elū|1|1
9484|buga|1|1
9485|èkpere|1|1
9486|dezù|1|1
9487|utùegbè|1|1
9488|ị̀nyị̀nyìibū|1|2
9489|ma ihe|1|1
9490|ụmụ̄ejima|1|1
9492|èvù|1|1
9493|nwanneechī|1|1
9494|depụ̀tà|1|1
9495|chèkwube|1|1
9496|chụ nta|1|1
9497|chụ̄gō|1|1
9498|egedegiihū|1|1
9499|dị̄ n̄kọ̄|1|1
9500|mgbudòokwū|1|1
9501|anyụǹkà|1|1
9502|ghè oghe|1|1
9503|òseònyòònyoò|1|1
9504|fè efè|1|1
9505|be ọnwụ onwụ|1|1
9506|ọ̀gụēgwū|1|1
9507|chị̄ ọ̄chị̄chị̄|1|1
9508|ifò|1|1
9509|chị ìnyèmè|1|1
9510|gbagọ̄ āgbāgọ̀|1|1
9511|gụ|1|7
9512|sh|1|1
9513|ubìrì|1|1
9514|ụṅàrà|1|1
9515|dà ibì|1|1
9516|denye|1|1
9517|bị̀ànyè|1|1
9518|gba m̀gbā|1|1
9519|ndanda|1|1
9520|ta ìkìkereezē|1|1
9521|dị nwayọ̀|1|1
9522|ekwiigwè|1|1
9523|Ndụ̀bụezè|1|1
9525|fè|1|1
9526|ọzọ̀dịm̄gbā|1|1
9527|dāpụ̀|1|1
9528|dà ogbī|1|1
9529|ọ̀kiīwū|1|1
9530|ụkwarāǹtụ̀hị|1|1
9531|detụ ọnụ̄|1|1
9532|nyachi|1|1
9534|dehiè|1|1
9535|fègharị|1|1
9536|gba ụka|1|1
9538|ǹgwụrọ̄|1|1
9539|gbaghe|1|1
9540|gbọtọ̀|1|1
9541|gbaziri|1|1
9542|ntụchi|1|1
9543|febàta|1|1
9544|ekwen̄chē|1|1
9545|gè ntị̀|1|1
9546|kèle|1|1
9547|dịdà aka|1|1
9548|jì ụkwụ|1|1
9549|kụ̀ azụ̀|1|1
9550|mkpìrìsì|1|1
9551|si ikē|1|1
9552|èkwurèèkwu|1|1
9553|gè|1|1
9554|me iherē|1|1
9555|ìjerè|1|1
9557|ǹdọ̀rọ̀ǹdọrọọ̄chị̄chị̄|1|1
9558|ìhìè|1|1
9559|gbasà|1|1
9560|gba egwū|1|1
9561|ocheezè|1|1
9562|gà m̀bọ|1|1
9563|yi egwù|1|1
9564|nkasìobì|1|1
9565|sū īmī|1|1
9566|dīnàkọ̀|1|1
9567|dọ̄ ākānān̄tị̀|1|1
9569|gbọ|1|1
9570|gwọ̄|1|1
9571|kọ̀ ugbo|1|1
9572|ǹdùku|1|1
9573|àhụikē|1|1
9574|njìkọ|1|1
9575|gbà afọ̀|1|1
9576|kọ̄ ụ̄kọ̄|1|1
9577|aghọ̀|1|1
9578|ọ̀mụmaàtụ̀|1|1
9579|tụ ilū|1|1
9580|sụ̀|1|2
9581|gbāsàpụ̀|1|1
9582|gbàkwùnyè|1|1
9583|onyen̄kị̄tị̄|1|1
9584|ghọ̀|1|1
9585|g̣hụ|1|1
9586|nọ̀dò|1|1
9587|makụ̀|1|1
9588|kụ̄kpọ̄|1|1
9589|kwasa|1|1
9590|gba ọtọ|1|1
9591|we iwē|1|1
9592|ìkpòrò|1|1
9593|ụgbeelū|1|1
9594|gba akeebē|1|1
9595|fụ̀nwu ọkụ̄|1|1
9596|mechi|1|1
9597|-ghàchi|1|1
9599|ìgwùrù|1|1
9600|gwọ|1|2
9601|kpasu iwē|1|1
9602|pụ̀ ijè|1|1
9603|rịrị̀à aka|1|1
9604|nkọtọ̀|1|1
9605|shi ùshī|1|1
9606|ri nrī|1|1
9607|ra àhụ̄|1|1
9608|gba ụta|1|1
9610|karị|1|1
9611|Òkon̄kwọ̄|1|1
9612|kpa nkàta|1|1
9613|mejọ|1|1
9614|la|1|2
9615|kpọpu|1|1
9616|metọ̀|1|1
9617|gba ọkụ̄|1|1
9618|isiọma|1|1
9619|kpa ụkpa|1|1
9620|nwe ike|1|1
9621|kopụ̀|1|1
9623|ndapụ̀|1|1
9624|ghe|1|2
9625|ta nchārā|1|1
9626|gbū īchī|1|1
9628|zè ndụ̀|1|1
9629|gbụ̄ āgbụ̄|1|1
9630|ọkị̀rịm̄gbọ̄wiisī|1|1
9631|ghè|1|1
9632|gwọ̀|1|1
9633|ri ọnụ|1|1
9634|ǹchọ̀|1|1
9635|kò|1|2
9636|kwafè|1|1
9637|kpu ìsì|1|1
9638|mā isì|1|1
9639|kwa ụkwarà|1|1
9640|kwụ ọtọ|1|1
9641|àzị̀|1|2
9642|ǹjụōyī|1|1
9643|ma ọsụ̀|1|1
9644|nwụ|1|2
9645|nwe|1|1
9646|ti mkpu|1|1
9647|òsefòtō|1|1
9648|kpụ|1|2
9649|kpụmì|1|1
9650|rapa|1|1
9651|ntụhị̀|1|1
9652|anwụrụ̀|1|1
9653|ma ụ̄rā|1|1
9654|nleanyā|1|1
9655|kasì obì|1|1
9656|jụ ōyī|1|1
9657|isiọkụ̄|1|1
9658|nshịkọ̀|1|1
9659|lụ̀ ọ̀gụ̀|1|1
9660|gba ntā|1|1
9661|rọ àrọ̀|1|1
9662|tasì obì|1|1
9663|mmōògè|1|1
9664|ǹnànwụ̀rède|1|1
9665|mkpoōyī|1|1
9666|gbanyụ|1|1
9667|ndagbà|1|1
9668|kpọ̄ ụ̄bọ̄|1|1
9669|òseè|1|1
9670|nnòōchìè|1|1
9672|èfèmmīrī|1|1
9673|òkorobị̀à|1|1
9674|si àgụ̀gọ̀|1|1
9675|kpọte|1|1
9676|-ha|1|1
9677|kwu okwū|1|1
9678|imụlọ̀|1|1
9679|kwabà|1|1
9680|oporo|1|1
9681|gbarị̀|1|1
9682|bị̄ākpè àzụ|1|1
9683|menyụ|1|1
9684|kwekọrịta|1|1
9685|kọ̀|1|2
9686|gbà mmanya|1|1
9687|ndịn̄kị̄tị̄|1|1
9688|bị̀a aka|1|1
9689|m̀kpịsịụkwụ̄|1|1
9690|ṅụ̀ iyī|1|1
9691|àkàaà|1|1
9692|dụ̀ ọdụ̄|1|1
9693|su iwe|1|1
9694|dọsà|1|1
9695|kò okwū|1|1
9696|mànye|1|1
9697|kwọpịà|1|1
9699|gbà ndụ̀|1|1
9700|gbarụ̀|1|1
9701|dị̄ jụ̀ụ̀|1|1
9702|enekēn̄tị̀ọbā|1|1
9704|ntụghe|1|1
9753|chakoo|1|1
9706|kpụ̄ ụ̀kpụ̀rụ̀|1|1
9707|fụ̀(chà)|1|1
9708|akparamaàgwà|1|1
9709|gbapu|1|1
9711|òkọọ̄kụ̄|1|1
9712|gbu ọ̀jà|1|1
9713|gba àzị̀|1|1
9714|gbòchì|1|1
9715|enyinnụ̀nụ̀|1|1
9716|ghọ̀gbu|1|1
9717|gbā ọ̀bara|1|1
9719|ikpèrè|1|1
9720|kwado|1|1
9721|èkùlù|1|1
9722|ri ngo|1|1
9723|lo|1|2
9724|zọ|1|4
9725|gba m̀kpọ̀rọ̀gwụ̀|1|1
9726|gbachi|1|1
9727|ụzìidè|1|1
9728|mā èbù|1|1
9729|ozu ehī|1|1
9730|kèwà|1|1
9731|kpọ ụgbà|1|1
9732|kpe|1|1
9733|gọnarị|1|1
9734|gba ọsọ|1|1
9735|go|1|2
9736|edemede|1|1
9737|kpa ǹgàǹgà|1|1
9738|ọ̀gbaābọ̄ọ̀lụ̀|1|1
9739|onyiisī|1|1
9740|m̀kpàǹshịkọ̄|1|1
9741|dị ree|1|1
9742|kpọ m̀kpọ̀rọ̀hịhị̀|1|1
9743|mā ụ̀zọ|1|1
9744|cha aghọ|1|1
9745|rụ ụkà|1|1
9746|ụ̀tàrị̀|1|1
9747|gwụ ikē|1|1
9748|kwe|1|4
9750|ikpọọ̀gụ̀|1|1
9751|fọdụ|1|1
9752|zì imī|1|1
9754|gote|1|1
9755|-narị|1|1
9756|Chinèekè|1|1
9757|ị̀chàkà|1|1
9758|gwu|1|2
9759|gbagbu|1|1
9760|ọ̀gbatùm̀tùm̀|1|1
9761|v|1|1
9762|gbụ̀|1|1
9763|je ozi|1|1
9764|igirigi|1|1
9765|nwam̄bā|1|1
9766|ọ̀kpụīsīerīn̄gō|1|1
9767|ọ̀kiīkpē|1|1
9769|jọ|1|1
9770|nṅòmī|1|1
9771|kpa ahịhịa|1|1
9772|kpè àzụ|1|1
9774|afọọkụ̄|1|1
9775|jụ àsè|1|1
9776|kọ̄|1|1
9777|ụnwụ|1|1
9778|fē m̄fē|1|1
9779|jū ējū|1|1
9780|nyà isi|1|1
9781|lù ilū|1|1
9782|te mmānụ̄|1|1
9783|ikiīkē|1|1
9784|kpe ikpē|1|1
9785|gụ̀|1|1
9786|te imē|1|1
9787|rọ aka|1|1
9788|mā àtụ̀|1|1
9789|re|1|2
9790|kụ|1|2
9791|kwanangida|1|1
9792|èrùrù|1|1
9793|ngelenge|1|1
9795|ri nrā|1|1
9796|ma ụ̀ma|1|1
9797|kụzi|1|2
9798|kpọ̄nwụ̄|1|1
9799|kọ mmīrī|1|1
9800|ǹdàgwùrùgwù|1|1
9801|ngwan̄gwā|1|1
9802|kpị̀|1|1
9803|kpọ̄nyē ọ̄kụ̄|1|1
9804|rụ̄ ọ̄rụ̄|1|1
9805|kpọ òkù|1|1
9806|tụghe|1|1
9807|gba ajụjụọnụ̄|1|1
9808|kpasu|1|1
9809|sọ nsọ|1|1
9810|ndùrù|1|1
9812|kwụ|1|3
9813|Ndụ̀ka|1|1
9814|ma ìkpe|1|1
9815|jụ ọnụ|1|1
9816|kpa(ta)|1|1
9817|nnennukwū|1|1
9818|nọ̀ ọdụ̀|1|1
9819|kpā ọ̄chị̀|1|1
9821|mụ̀ ọkụ|1|1
9822|kwubì|1|1
9823|onyenkụzi|1|1
9824|kpụ ụzụ|1|1
9825|kwapụ̀|1|1
9826|m̀mèmmadụ̀|1|1
9827|m̀kpọmaasị̀|1|1
9828|nādō|1|1
9829|kpu ēkpū|1|1
9830|ǹkwusara|1|1
9831|mụ mmà|1|1
9832|mkpebì|1|1
9833|kpebì|1|1
9834|kwùchì|1|1
9835|re ahịa|1|1
9836|mmām̄mā|1|1
9837|òcheegōolù|1|1
9838|kpā n̄rī|1|1
9839|jī ējījī|1|1
9841|kparị|1|1
9842|kwe ọnụ̄|1|1
9843|nabàtà|1|1
9844|mā ìwu|1|1
9845|lọ ālọ̄|1|1
9846|nwe àkọ|1|1
9847|kpali(te)|1|1
9848|rị|1|1
9849|Nnàkā|1|1
9850|kpọ īfūrū|1|1
9851|ọ̀ghàròokwū|1|1
9852|-rịta|1|1
9853|kọ ọ̄nụ̄|1|1
9854|je|1|1
9855|nkìkere|1|1
9856|nkwọcha|1|1
9857|tà ọ̀kpọ|1|1
9858|kpùghe|1|1
9859|m̀kpọrọ|1|1
9860|pē m̄pē|1|1
9861|onyaaghā|1|1
9862|okwunkwutù|1|1
9863|ụkwaràntà|1|1
9864|kwenye|1|1
9865|mgbaghe|1|1
9866|kpalakūkū|1|1
9867|mapụ̀ ōbì|1|1
9868|kpụ̀|1|1
9869|mmechi|1|1
9870|àmàmihe|1|1
9871|kpọla|1|1
9872|-karị|1|1
9874|ùbemgbā|1|1
9876|Yòròba|1|1
9877|nàta|1|1
9878|mị|1|1
9879|nwe uchè|1|1
9880|mkparị|1|1
9881|Ekwūtọ̀sị̀|1|1
9882|mebì (èmebì)|1|1
9883|mì ọnụ|1|1
9884|mē agadī|1|1
9885|dị ìrè|1|1
9886|ǹdeèwo|1|1
9887|mehiè|1|1
9888|ngabasị|1|2
9889|Àmààmaamāsị̄āmāsị̄|1|1
9890|kpà akpà|1|1
9891|agbàrànwaànyị̀|1|1
9892|mezi|1|1
9893|m̀bènuukwù|1|2
9894|enyì nwokē|1|1
9896|re ọkụ̄|1|1
9897|ọchaṅụ̀rụ|1|1
9898|le|1|1
9899|mmanyiikē|1|1
9900|ụròokwū|1|1
9901|ụgbọmmīrī|1|1
9902|okeọ̀kpà|1|1
9903|nọ̀chì anya|1|1
9904|mì|1|1
9905|kwe nkwà|1|1
9906|onyen̄dū|1|1
9907|nwayọ̀nwāyọ̀|1|1
9908|nyeghàchī|1|1
9909|ishishìugwù|1|1
9910|jọ njọ̄|1|1
9911|gbū àmụ̀mà|1|1
9912|nwò|1|1
9913|ntakwu|1|1
9914|ǹjàkị̀rị̀|1|1
9915|gba n̄kị̄tị̀|1|1
9916|ọnụmmīrī|1|1
9917|jìdèsì ike|1|1
9918|nnenwaànyị̀|1|1
9919|tūkwù|1|1
9920|tofè|1|1
9921|okwunụ̀ụkà|1|1
9922|pịa|1|1
9923|fē ǹkù|1|1
9924|òjìǹkù|1|1
9925|nyiè|1|1
9926|shishì|1|1
9927|nwọọrụ̄|1|1
9928|onyeǹkà|1|1
9929|ji òji|1|1
9930|nneèjì|1|1
9931|ụ̀nyàahụ̀|1|1
9933|nnànnukwū|1|1
9934|fò ifò|1|1
9935|obìsiikē|1|1
9936|nwoōlōgbō|1|1
9937|òkebèkeè|1|1
9938|nụ̄ n̄tị̀|1|1
9939|chì òchì|1|1
9940|sọ oyī|1|2
9941|tụ ǹga|1|1
9942|osọ̀ọjị̄|1|1
9943|ụgwọọrụ̄|1|1
9944|su|1|1
9945|ụzàamā|1|1
9946|tọ ụ̄tọ̄|1|1
9947|wù ewù|1|1
9948|ụ̀dịnụ̀ụ̀dị̄|1|1
9949|ngị̀rị̀gọ̀|1|1
9950|semēǹsị̀|1|1
9951|ntụtụ̀akā|1|1
9952|egwùreegwū|1|1
9953|nsụ̀gharị|1|1
9954|m̀kpọ̀rọ̀hịhị̀|1|1
9955|gba osiālị̄|1|1
9956|àsị|1|1
9957|wère ochē|1|1
9958|tọ̄hēsị̄|1|1
9959|tụ|1|4
9960|taàtà|1|1
9961|onyọọrụ̄|1|1
9962|onyenzọ̀pụ̀ta|1|1
9963|kpọchi|1|1
9964|èzù|1|1
9965|zu ohi|1|1
9967|sàchì|1|1
9968|dà ǹgwọrọ|1|1
9969|mete|1|1
9970|ǹgwèrè|1|1
9971|òlenòòlē|1|1
9972|tọ̀gbọ̀ n̄kị̄tị̄|1|1
9973|lụ̀|1|1
9974|nye nsī|1|1
9975|ọkụm̄mụ̣̄ọ̄|1|1
9976|òròmankịrịsị|1|1
9977|kụ̄sī īkē|1|1
9978|nwatànwokē|1|1
9979|ọ̀kụàzụ̀|1|1
9980|tụsà|1|1
9981|sè|1|1
9983|tọ̀gbọ̀|1|1
9984|Orìè|1|1
9985|Awụsa|1|1
9986|che ntị̀̀|1|1
9987|kà nkì|1|1
9988|èsèmòokwu|1|1
9989|lebà|1|1
9990|dè mmirī|1|1
9991|kụwàpụ̀|1|1
9992|sa ahụ̄|1|1
9993|ọbụ̀ụkwụ̄|1|1
9994|ǹshịkọ̄|1|1
9995|dgz|1|1
9996|zù ikē|1|1
9997|lọ(ta)|1|1
9998|ǹzàròònwe|1|1
9999|tu|1|2
10000|ikpirikpọọ̀gụ̀|1|1
10001|rụ̄ ọ̄kụ̄|1|1
10002|ugherē|1|1
10003|nriụ̄tụ̄tụ̀|1|1
10004|tụgharị uchè|1|1
10005|yì èfè|1|1
10006|sà|1|3
10007|ùre|1|1
10008|nyò enyò|1|1
10009|ụ̀làrị̀|1|1
10010|ìrè|1|1
10011|òlìlàanya|1|1
10012|gba ahịā|1|1
10013|mechu|1|1
10014|nnyòcha|1|1
10015|ògbuòpì|1|1
10016|tijàsị̀|1|1
10017|rè|1|1
10018|zùtè|1|1
10019|dà nhā|1|1
10020|ṅàcha|1|1
10021|okookpòrò|1|1
10022|nyā ọ̄kụ̄|1|1
10023|zù ọnụ̄|1|1
10024|wèlite|1|1
10025|pà(chà)|1|1
10026|kwe ùkwe|1|1
10027|sụ n̄sụ̄|1|1
10028|tụte|1|1
10029|m̀mụ̀mụ̀ọwa|1|1
10030|òkpurù|1|1
10031|azà|1|2
10032|za āzā|1|1
10033|tụ̄tē n̄dụ̀|1|1
10034|nwu ọkụ|1|1
10035|shịkọ̀|1|1
10036|Ùgòmmā|1|1
10037|rụ ugbō|1|1
10038|wèghàrị̀|1|1
10039|wụsa|1|1
10040|akantachị|1|1
10041|oziọma|1|1
10042|sì isì|1|1
10043|lụsò ọ̀gụ̀|1|1
10044|le ọbị̀à|1|1
10045|m̀kpịsịǹgụ̀|1|1
10046|awelē|1|1
10047|kachi obì|1|1
10048|tụ ụtụ|1|1
10049|sū ọ̄kụ̄|1|1
10050|ǹtorobị̀à|1|1
10051|ọ̀tụ̀rụ̀kpọọkpọọ|1|1
10052|teta ụrā|1|1
10053|ònyòònyoò|1|1
10054|ụmụ̀nwaanyị|1|1
10055|nwu|1|1
10056|ajụjụọnụ̄|1|1
10057|ntụn̄tụ̄|1|1
10058|lụ̀ta ọ̀gụ̀|1|1
10059|obosara|1|1
10060|òle|1|1
10061|òmeǹkà|1|1
10062|tọ|1|3
10063|àzịụ̄tụ̄tụ̀|1|1
10064|zụ̀|1|2
10065|ọ̀dọmmīrī|1|1
10066|gbọ ụ̀fụfụ̀|1|1
10067|kpò ọkụ̄|1|1
10068|y|1|1
10069|nwatàntà|1|1
10070|ru|1|1
10071|zọ̀|1|2
10072|tējī|1|1
10073|wèlàtà|1|1
10074|wère ọsọ̄|1|1
10075|kwughe|1|1
10076|kụ ọ̀kpọ|1|1
10077|òròma|1|1
10078|họ̀|1|2
10079|goòlù|1|1
10080|àrịkpā|1|1
10081|sa ụ̀sà|1|1
10082|mgbaghàra|1|1
10083|tū ùgò|1|1
10084|deèdè|1|1
10085|gbākā|1|1
10086|gbàji|1|1
10087|te ụkwụ̄|1|1
10088|zọpụ̀tà|1|1
10089|pụ̀ ọ̀lịlị|1|1
10090|sètị̀|1|1
10091|mkpụrookwū|1|1
10092|ụ̀tọ̀|1|1
10093|zù|1|2
10094|m̀gbogbo|1|1
10095|nhibọ̀ọchī|1|1
10096|tụrụ imē|1|1
10097|kpọpe|1|1
10098|wị̀ ara|1|1
10099|yọ̀ghàrị̀|1|1
10100|zu|1|2
10101|tabìsị̀|1|1
10102|tē ūnyī|1|1
10103|hi nnē|1|1
10105|ugirī|1|1
10106|ùdèlè|1|1
10107|zùru ike|1|1
10108|Ọjịùgò|1|1
10109|bikọ ọnū|1|1
10110|pụ̀|1|1
10111|okeọnū|1|1
10112|ru unyi|1|1
10113|sekpù|1|1
10114|gbabì|1|1
10115|ejìjē|1|1
10116|sị̄ āsị̄|1|1
10118|ọkwụ̀rụ̀|1|1
10119|rọ̀|1|1
10120|tì akị̄|1|1
10121|ụrọ|1|1
10122|ọ̀kàchàmara|1|1
10123|sukpọ|1|1
10125|sụ|1|5
10126|mkpọkọrọ|1|1
10127|zà|1|1
10128|ùdummīrī|1|1
10129|zụ̀tò|1|1
10130|nchọpụ̀tā|1|1
10131|tụgharị|1|1
10132|akwarà|1|2
10134|tụkwàsị|1|1
10135|Ụkāàlakụ̀bā|1|1
10136|èkpèrìmà|1|1
10137|su ọ̄kpọ̄|1|1
10138|-rịrị|1|1
10139|to ogologo|1|1
10140|ọtụchi|1|1
10141|zọ ọkwa|1|1
10142|susù ọnụ|1|1
10143|ohi|1|1
10144|sa|1|3
10145|zi ibu|1|1
10146|azị̀à|1|1
10148|ụ̀dùumē|1|1
10149|òsòtè|1|1
10150|ùgègbàanyā|1|1
10151|tị|1|1
10152|rị̀à|1|1
10153|tụchi|1|1
10154|kubì|1|1
10155|ọrụbèkeè|1|1
10157|tē(tā)|1|1
10158|tīgwārā|1|1
10159|ọmarịcha|1|1
10160|kpọ ọkụ̄|1|1
10161|tụfù|1|1
10162|ze uzerē|1|1
10163|akanantị̀|1|1
10164|kwa ụtā|1|1
10165|Osebūlụ̄ụ̀wà|1|1
10166|ụkàbụilu|1|1
10167|zo|1|1
10168|maāmị̄rị̄|1|1
10169|piogharị|1|1
10170|gọ ọnụmmirī|1|1
10171|sūtụ̄ ọnụ̄|1|1
10172|okara ọnwa|1|1
10173|kwuchi ọnụ̄|1|1
10174|kụsà|1|1
10175|tụ àsị|1|1
10176|wèli|1|1
10177|ru ụjụ̄|1|1
10178|dàkọ̀rị̀tà|1|1
10179|tụ̀|1|3
10180|m̀gbàlà|1|1
10181|kwùghè|1|1
10182|yanwà|1|1
10183|òro|1|1
10184|zù ezù|1|1
10185|tē|1|1
10186|rēdà|1|1
10187|sē|1|1
10188|zì ozi|1|1
10189|pị̄|1|1
10191|rara ume|1|1
10192|sụ̀ udè|1|1
10193|ọgwụ̀mgbòchī|1|1
10194|Chukwuèbùka|1|1
10195|kpakọ̀|1|1
10196|mapụ̀|1|1
10197|kwụpụ̀|1|1
10198|ụmụ̄āzụ̄|1|1
10199|nọ̀gìdè|1|1
10200|nkwenye|1|1
10201|Akachī|1|1
10202|Chiāmākā|1|1
10203|Chinweuba|1|1
10204|Ụkākraị̀st|1|1
10205|mezù|1|1
10207|Chinēkè|1|1
10208|ndụ̀ndụ̀|1|1
10209|umerē|1|1
10210|Ijèọma|1|1
10211|Chike|1|1
10212|Chidubem|1|1
10213|mara àhụ|1|1
10214|sị àsị̀rị̀|1|1
10215|ghụ|1|1
10216|merụ àhụ|1|1
10217|zuzù nzuzù|1|1
10218|kpegide|1|1
10219|Nneāmākā|1|1
10220|-gharị|1|1
10221|mkpụrụ̄ōsīsī|1|1
10222|Èkènedị̀lịchukwu|1|1
10223|Chidiebube|1|1
10224|Chika|1|1
10225|ekwentị̀|1|1
10226|Chukwumà|1|1
10227|ụlaàkụ̀|1|1
10228|gbanwè|1|1
10229|ntàkịrị|1|1
10230|zò|1|1
10231|Chibụ̀ezè|1|1
10232|Chiēmēēlā|1|1
10233|Chikelu|1|1
10234|chiọma|1|1
10235|kpọ ihe|1|1
10236|aṅụ̀rị|1|1
10237|ǹkọ̀ọma|1|1
10238|àkwụ̀nà|1|1
10239|ṅụ̀ ọṅụ̀|1|1
10240|Chidị̀èberè|1|1
10241|azịrịza|1|1
10242|badà|1|1
10243|Àzụbụ̀ike|1|1
10244|kpa iro|1|1
10245|ọkpụkpụāzụ̄|1|1
10246|Chinweike|1|1
10247|amà àma|1|1
10248|èberè|1|1
10249|atụrụ̄|1|1
10250|pē(wā)|1|1
10251|za|1|4
10252|wètà|1|1
10253|ugòlọọ̀mà|1|1
10254|zụnye|1|1
10255|tụ òrùụra|1|1
10256|hapụ̀|1|1
10257|tē ūdē|1|1
10258|tụsa|1|1
10259|tabì|1|1
10260|wa|1|1
10261|àkpụkpàntà|1|1
10262|ụ̀bụrụ̀|1|1
10263|tōpụ̀tà|1|1
10264|ụmụ̀nnē|1|1
10265|zọta|1|1
10266|katọ̄līìkì|1|1
10267|orurughookwū|1|1
10268|olòoō|1|1
10269|gbāpụ̀ ọ̄sọ̄|1|1
10270|wepụ̀tà|1|1
10271|wụ|1|3
10555|tụhị̀|1|1
10272|ṅe ụkwụ|1|1
10273|ụdarà|1|1
10274|gbàjìsị̀|1|1
10275|ụgụ̀rụ̀|1|1
10276|yàwà|1|1
10277|èsèrèèse|1|1
10278|wè(rè)|1|1
10279|ọ̀hà|1|1
10280|ụ̀bọọnụ̄|1|1
10281|ze|1|2
10282|zọ̀ aja|1|1
10283|gbazè|1|1
10284|ntụkwàsịobì|1|1
10285|gbā ōhù|1|1
10286|kọrị|1|1
10288|tụ oyi|1|1
10289|hi ụra|1|1
10290|tụ̄ ụ̀zụ̀|1|1
10291|ta àhụ|1|1
10293|yì|1|3
10294|to|1|1
10295|zọ̀jì|1|1
10297|tē ētē|1|1
10298|nchekwa|1|1
10299|taà|1|2
10300|ụkwarà|1|1
10301|Chimèzie|1|1
10302|tọ̄hē|1|1
10303|mērụ̄|1|1
10304|sụ̄ pụ̀tụ̀pụ̀tụ̀|1|1
10305|ụlụ̀ụkà|1|1
10306|zi ụzọ̀|1|1
10307|rịà ọrịà|1|1
10308|pàkò mpàkō|1|1
10309|Àdannàya|1|1
10310|ọgbakọ̀|1|1
10311|Chibụzọ|1|1
10312|Chidị̀|1|1
10313|simestà|1|1
10314|erimeeri|1|1
10315|Chukwudị|1|1
10316|bà m̀bà|1|1
10317|Àmàràchukwu|1|1
10318|Àkụchī|1|1
10320|Àdannà|1|1
10321|zo ezo|1|1
10322|ọ̀gbụ̀gbàndụ̀|1|1
10323|Àmerị̄kà|1|1
10324|Chima|1|1
10325|ahụ̀|1|2
10326|kpọ isiàlà|1|1
10327|Ekwueme|1|1
10328|Ihuọma|1|1
10330|gwùsa egwū|1|1
10331|ọshà|1|1
10332|ìjèrì|1|1
10333|Chizoba|1|1
10334|ìzùgà|1|1
10335|tọ̀ ute|1|1
10336|unèrè|1|1
10337|èkwùrụ̀ụlọ̀|1|1
10338|ǹtụōyī|1|1
10339|Uchèndụ̀|1|1
10340|Igwekāàlà|1|1
10341|ghọta|1|2
10342|Àhàbà|1|1
10343|tā ụ̄tā|1|1
10344|kụwa ākụ̄wā|1|1
10345|piogharị n'ụlọ|1|1
10346|Chinwendu|1|1
10347|Chidike|1|1
10348|Chibụīkē|1|1
10349|zụ|1|1
10350|àmadị|1|1
10351|Enyinnaya|1|1
10352|Chinonso|1|1
10353|Chinàzaēkpērē|1|1
10354|gbaghàrà|1|1
10356|Ikennà|1|1
10357|Chijindu|1|1
10359|kụtù|1|1
10360|Chinyere|1|1
10361|àhụ|1|1
10362|Chidiegwu|1|1
10363|wute|1|1
10364|Chinedu|1|1
10365|ụlọ̀ọrụ̄|1|1
10366|Chidimma|1|1
10367|tụ voòtù|1|1
10368|Ùgònnà|1|1
10369|kwụnye|1|1
10370|àsàm̀bodò|1|1
10371|màlìtè|1|1
10372|òkpuezè|1|1
10374|ụlọ̀ọgwụ̀|1|1
10375|anwụ̄ānwụ̄|1|2
10376|kà ìkpe|1|1
10377|nye ǹdụ̀mọọdụ|1|1
10378|rite|1|1
10379|ògbunìgwè|1|1
10380|mgbaji|1|1
10381|Ụzọ̀dị̀mmā|1|1
10382|ihì|1|1
10383|gbanarị|1|1
10384|orikọ|1|1
10385|nnupụ̀isī|1|1
10386|àkpùuchè|1|1
10387|lebàrà anya|1|1
10388|òkpuatā|1|1
10389|iriīrē|1|1
10390|kwu|1|1
10391|àmamiikpe|1|1
10392|opètè|1|1
10393|òsiìtè|1|1
10394|be m̀bè|1|1
10395|be àrị̀rị̀|1|1
10396|ùgbuà|1|1
10397|asọm̀pì|1|1
10398|mgbupụ̀|1|1
10399|gbupụ̀|1|1
10400|jìkè|1|1
10401|diọgwụ̀|1|1
10402|nsịbìdī|1|1
10403|nchègbū|1|1
10404|gbu egbu|1|1
10405|gbu ọchụ̀|1|1
10406|èbùmnobì|1|1
10407|warawara|1|1
10408|kwa àrị̀rị̀|1|1
10409|òchìrì|1|1
10410|gbalị̀|1|1
10411|uro|1|1
10412|èzinụ̀ụlọ̀|1|1
10413|gwù|1|1
10414|arụ̄sị̄|1|1
10416|ọ̀gànihu|1|1
10417|mfepụ̀|1|1
10464|pịa ọkụ|1|1
10418|òkpuagọrọ|1|1
10420|òfèsi|1|1
10421|bi èlèlè|1|1
10422|njìke|1|1
10423|òjem̀bà|1|1
10424|àghị̀rịị̀ghà|1|1
10425|òmèkoòmè|1|1
10426|degara|1|1
10427|ụmụ̀akā|1|1
10428|ùhuruchī|1|1
10429|wu|1|1
10430|ọkìibè|1|1
10431|àbàlangịdị̀|1|1
10432|bedewe|1|1
10433|yọ̀|1|2
10434|ọ̀ha|1|1
10436|kechi|1|1
10437|gbu ogè|1|1
10438|̣òkwelagha|1|1
10439|mgbalị̀|1|1
10440|m̀pụ̀tàrà|1|1
10441|pụ̀tà|1|1
10442|zisà|1|1
10443|kim̄bom̄|1|1
10444|àkpàmamị̄rị̄|1|1
10445|nturuùgò|1|1
10446|ụlèelū|1|1
10447|gba àmà|1|2
10448|doghàrị̀|1|1
10449|ghọ̀rị|1|1
10450|wù|1|1
10451|gàra ọnụ̄|1|1
10452|ọ̀kọwookwū|1|1
10453|ọ̀nyị̀rọ̀ọnwụ|1|1
10454|Àdammā|1|1
10455|okporaamā|1|1
10456|ọ̀zụāhị̄ā|1|1
10457|Chinèechèrēm|1|1
10458|òcheǹdò|1|1
10459|Àdaọ̀rà|1|1
10460|gba òdìbò|1|1
10461|tolite|1|1
10462|yị̀ ǹtatàrabụ̀|1|1
10463|ro uro|1|1
10465|agarachaa|1|1
10466|yị̀|1|1
10467|tisà|1|1
10468|ụzụ̀ụkwū|1|1
10469|le ùle|1|1
10470|ènyèmaaka|1|1
10471|àtị̀kpà|1|1
10472|apụ̀naanwụ̄|1|1
10473|dìigị̀ịzị̀|1|1
10474|ǹkọkị̀rịkọ|1|1
10475|kwàdò|1|1
10476|be akwa|1|1
10477|àgbụ̀gbà|1|1
10478|bụgbàdò|1|1
10479|yipụ̀|1|1
10480|òsòchiègbu|1|1
10481|gụnye|1|1
10482|àbọ̀nlị̀|1|1
10483|ṅàràṅàrà|1|1
10484|ǹdìichè|1|1
10485|okporụụzọ̀|1|1
10486|ọ̀kpàǹgo|1|1
10487|hịgbu|1|1
10488|ìdemmīrī|1|1
10489|kpùchi|1|1
10490|dakwàsà|1|1
10491|nkịrịka|1|1
10492|m̀kpànaaka|1|1
10493|gbawa|1|1
10494|yị̀ ọ̀yị̀|1|1
10495|mebọ|1|1
10496|akpụ̀otùbò|1|1
10497|kpọfè|1|1
10498|òraāhị̄ā|1|1
10499|nlị̄lā|1|1
10500|Ụzọ̀dịmmā|1|1
10501|ǹnọ̀chiàhà|1|1
10502|mkpọpụ̀ta|1|1
10503|àwàraàwà|1|1
10504|dọghàrị̀|1|1
10505|Ndụ̀biisi|1|1
10506|ọ̀hànèezè|1|1
10507|ụzìijè|1|1
10508|ụmụ̄ādā|1|1
10509|dàkpọ̀|1|1
10510|àrị̀rị̀|1|1
10511|ògìrì|1|1
10512|mmọnwụ|1|1
10513|àsị̀rị̀|1|1
10514|ameegwùregwū|1|1
10515|ekelebe|1|1
10516|mgbàkwūnyē|1|1
10517|mkpụrụēdēmēdē|1|1
10518|mkpụrụmmīrī|1|1
10519|m̀gbiisìọ̄mā|1|1
10520|rù|1|1
10521|Chidùmèèbī|1|1
10522|ahāǹjìmārā|1|1
10523|ochenkwago|1|1
10524|enenebe|1|1
10525|Òkèchukwu|1|1
10526|ogheriimī|1|1
10527|ùworo|1|1
10528|akọmakọ|1|1
10529|họ̀ta|1|1
10530|ichìichè|1|1
10531|àzụ̀zụ̀|1|1
10532|òmeè|1|1
10533|nwụchi|1|1
10534|izuzù|1|1
10535|àkụrụ̄|1|1
10536|fè nrù|1|1
10537|mahādùm|1|1
10538|ọ̀kpụụ̄zụ̄|1|1
10539|wezụ̀gà|1|1
10540|asa|1|2
10541|ọrị̀à|1|1
10542|akàm̀kpọ̀|1|1
10543|nri abàlị̀|1|1
10544|ọyọ̀rị̀mà|1|1
10545|wè|1|1
10546|fechafecha|1|1
10547|nduzi|1|1
10548|yigharị|1|1
10549|òrìǹgò|1|1
10550|rịọ|1|1
10551|ntụ̀ziakā|1|1
10552|gụ̀ olu|1|1
10553|akịrịka|1|1
10554|takọ|1|1
10556|gba òrìǹgò|1|1
10557|gụgụ̀|1|1
10558|mpōtō|1|1
10559|èbìlìmmīrī|1|1
10560|m̀kpaākwụ̄kwọ̄|1|1
10561|gba àkwụ̀nà|1|1
10562|anyụ̀rụ̀|1|1
10563|kwukwè|1|1
10564|ọrụsị|1|1
10565|wave|1|1
10566|tụ èbìlì|1|1
10567|tụ àkanya|1|1
10568|ofèmmiri|1|1
10569|òbèjìrì|1|1
10570|ihoònyòònyoò|1|1
10571|tụhà|1|1
10572|nkwàgo|1|1
10573|ụmụ̀ntàkịrị|1|1
10574|topù|1|1
10575|ọ̀gbam̄bọ̀|1|1
10576|kụ akā|1|1
10577|bo ebùbo|1|1
10578|tinyụ|1|1
10579|urughuru|1|1
10580|kere|1|1
10581|àbị̀rị̀ka|1|1
10582|ọ̀pàǹte|1|1
10583|tụgwa|1|1
10584|mmekpāāhụ̄|1|1
10585|beji|1|1
10586|ọ̀dị̀nààlà|1|1
10587|olu gụ̀|1|1
10588|àgbàlè|1|1
10589|ọlà ọcha|1|1
10590|àkịdị̀|1|1
10591|ǹsịègbè|1|1
10592|se àmụ̀mà|1|1
10593|èzegē|1|1
10594|ke ekike|1|1
10595|kpàchàrà anya|1|1
10596|ka obì|1|1
10597|òmenààlà|1|1
10598|nri ehìhiè|1|1
10599|hị|1|1
10600|ìpètèrì|1|1
10601|ozinnọọ̀|1|1
10602|tụkọ aka|1|1
10603|m̀kpọnimi|1|1
10604|ùbeọ̀sà|1|1
10605|tụpụ̀ta|1|1
10606|rube isi|1|1
10607|̀mmụ̣̀ta|1|1
10608|sọpụ̀rụ̀|1|1
10609|pịa ụ̀tàrị̀|1|1
10610|asị̀|1|1
10611|kwesị ewkesị|1|1
10612|ndịnnùpùisī|1|1
10613|tụcha|1|1
10614|ògbuọ̀jà|1|1
10615|wụpụ̀|1|1
10616|ọ̀kànkụzi|1|1
10617|chake|1|1
10619|ǹgwọ̀ǹgwọ|1|1
10621|àkpị̀rị̀|1|1
10623|nọ̀kọ ọnụ̄|1|1
10624|kwe aka|1|1
10625|tụ̀nye|1|1
10626|wụnye|1|1
10627|àhụọkụ̄|1|1
10628|tụsịsị|1|2
10629|ahịrịokwū|1|1
10630|racha|1|1
10631|hù anya|1|1
10632|mụ̀ akwụkwọ|1|1
10633|sàghe|1|1
10634|ọnụ̀ọọ̄nāā|1|1
10635|sọ ọ̀sụsọo|1|1
10636|gbụ ọnụmmiri|1|1
10637|ìnyòmìikē|1|1
10638|akàrà edemede|1|1
10639|kpọnwụ|1|1
10640|ụjọ akwụkwọ|1|1
10641|akàrà mkpùchi|1|1
10642|sụ akwà|1|1
10643|ìkperemmīrī|1|1
10644|nwantàkịrị|1|1
10645|wufù|1|2
10648|igwòokwū|1|1
10649|rịkọm|1|1
10650|tụchàpụ̀|1|1
10651|tù ọnụ̄|1|1
10652|tụjụ|1|1
10653|ụ̀fụ̀rụ̀kpọ̀|1|1
10654|sè ụtịrị̄|1|1
10655|gba àghara|1|1
10656|̣ọnụụzọ̀ ama|1|1
10657|gbubì|1|1
10658|kpàfà|1|1
10659|kpọm rịkọ̀m̀|1|1
10660|gbago|1|1
10661|ọnụarā|1|1
10662|bọ isi|1|1
10663|tiwanye|1|1
10664|nwabèbi|1|1
10665|gba ara|1|1
10666|ọlọ̀ọcha|1|1
10667|mụrị|1|1
10668|kwesị|1|1
10669|ùsòròokwū|1|1
10670|ọ̀kàmmụ̀ta|1|1
10671|akàrà ajụ̀jụ|1|1
10672|kwe ụta|1|1
10673|tosi|1|1
10674|kwe akwà|1|1
10675|àrịrịọ|1|1
10676|onyoohi|1|1
10677|kère òkè|1|1
10678|kwe ọnyà|1|1
10679|Ọ dàjụọla|1|1
10680|tọ̀gbu|1|1
10681|kụrì|1|1
10682|gba mmirī|1|1
10683|onyearị̀rịọ|1|1
10684|tachi|1|1
10685|ntamụ̀|1|1
10686|nkerì|1|1
10688|ǹdọ̀rọ̀ǹdọrọ|1|1
10689|tụtụ̀ta|1|1
10690|onye iwe|1|1
10691|kerì|1|1
10692|kọ̀mputà|1|1
10693|nkejiokwū|1|1
10694|àtị̀lọ̀ọgwụ̀|1|1
10695|ọkpīìdùm|1|1
10696|ùrì|1|1
10697|nkebìokwu|1|1
10698|nkèjiasụ̀sụ|1|1
10699|tọ̀do|1|1
10700|ọ̀dị̀niihu|1|1
10701|ụkwalà ntụrịiri|1|1
10702|mgbaakā|1|1
10703|ichèrè|1|1
10704|nụ̀cha|1|1
10705|ọ̀dịdịụbọ̀chị̀|1|1
10706|onyaarā|1|1
10707|mkpụrụedide|1|1
10708|èbumọnụ̄|1|1
10709|òdeè|1|1
10710|okwuāzụ̄|1|1
10711|meri|1|1
10712|kpọpụ̀|1|1
10713|mmehìè|1|1
10714|nsọpụ̀rụ|1|1
10715|ọdụ̀ehī|1|1
10716|ajambēlē|1|1
10717|uji|1|1
10718|m̀mị̀nwụ|1|2
10719|ntachi|1|1
10720|mgbòchime|1|1
10721|ụ̀mị̀-edemede|1|1
10722|mkpọlite|1|1
10723|adị̄ghīkē|1|1
10725|ọ̀chịchịrị̄|1|1
10726|nwam̄bụ̄|1|1
10727|ejùlà|1|1
10728|m̀pàtụ̀ụkwụ̄|1|1
10729|obi mgbu|1|1
10730|ǹdị̀nà|1|1
10731|akịoyìbo|1|1
10733|agụmagụ|1|1
10734|ànọ̀m̀ǹkịtị|1|1
10735|kwa īkō|1|1
10736|èkèrèsò|1|1
10737|ụtàrà|1|1
10738|òtùegwū|1|1
10739|ụ̀dìike|1|1
10740|ogogo|1|1
10741|nsọàlà|1|1
10742|ọ̀gbụụ̄tā|1|1
10743|ọgbakwụ|1|1
10744|ibegiri|1|1
10745|sụpụ̀|1|1
10746|kpọ̀ga|1|1
10747|sògwa|1|1
10748|àgbàsa|1|1
10749|ọ̀deèshi|1|1
10750|ọ̀tanjere|1|1
10751|nkwupụ̀rụ|1|1
10752|àlakọ̄rọ̄|1|1
10753|ite imē|1|1
10754|icheku-ọkụ̄|1|1
10755|azị̀zaā|1|1
10756|si ọnyà|1|1
10757|okwuihū|1|1
10758|megwara|1|1
10759|dozi|1|2
10761|kùchì|1|1
10762|mkpụrụasụ̀sụ|1|1
10763|ràkọ̀|1|1
10764|echietèka|1|1
10765|m̀gbapịa|1|1
10766|ụ̀cha|1|1
10767|ọ̀kpanyị|1|1
10768|akàràaka|1|1
10769|tọ àtọ̀|1|1
10770|karama|1|1
10771|ǹkwekē|1|1
10772|ọ̀kpụụbọ|1|1
10773|àzụụlọ̀|1|1
10774|kughàchi|1|1
10775|àkwàmiko|1|1
10776|meli|1|1
10777|nchọcha|1|1
10778|nhùnyere|1|1
10779|ọ̀gbàrà|1|1
10780|tikù|1|1
10781|rute|1|1
10782|onyemgbù|1|1
10783|òduzi|1|1
10784|tụ̀fịà!|1|1
10785|nkịtāọ̄hịā|1|1
10786|ọyọ̀rọm̀pị̀aka|1|1
10787|otito|1|1
10788|tatam̀bèlekē|1|1
10789|mbimbiakwā|1|1
10790|àgbàmakwụwkọ|1|1
10791|òdezi|1|1
10792|ìyèri|1|1
10793|àwaka-ọnụ̄|1|1
10794|ìri nà ìse|1|1
10795|ǹrịàǹrịà|1|1
10796|olundị̄|1|1
10797|tipị̀a|1|1
10798|ụkwụnrọgọ̀|1|1
10799|m̀bùnuchè|1|1
10800|kpọpụ̀ta|1|1
10801|mịgharị|1|1
10802|si n̄gọ|1|1
10803|ìzùgbe|1|1
10804|sèkpụni|1|1
10805|ụzọ̀ọma|1|1
10806|tụnye arò|1|1
10807|òkoǹgwù|1|1
10808|sọkwù|1|1
10809|nwàlè|1|1
10810|ọ bụrụ|1|1
10811|okwunụkà|1|1
10812|ọ̀kọakụkọ|1|1
10813|chebìrì|1|1
10814|ime m̄kpūkè|1|1
10815|ǹkọnilu|1|1
10816|ajụ̀jụn̄zāraonwe|1|1
10817|garagara|1|1
10818|tụ̀chanye|1|1
10819|mgbakọta|1|1
10820|àhàjiọkụ̄|1|1
10821|mgbàkwụnye|1|1
10822|akamèrè|1|1
10823|kwàǹta|1|1
10824|nlelị̀|1|1
10825|akàrà mkpu|1|1
10826|ukwùosisi|1|1
10828|ǹkọmị̀rị̀kọ|1|1
10829|zèrè|1|1
10830|ọ̀gbaāghārā|1|1
10831|anyụmmīrī|1|1
10832|nchịkọta|1|1
10833|ǹrụ̀maka|1|1
10834|ọ̀mụ̀rụ̀nwa|1|2
10835|ahịa orirē|1|1
10836|ìdùàzị̀|1|1
10837|mpagharaọ̀nọ̀chi|1|1
10838|ilukpọm|1|1
10839|ùweelū|1|1
10840|ndàkọrịta|1|1
10841|sedà|1|1
10842|kpata|1|1
10843|sònye|1|1
10844|sèlite|1|1
10845|edensìbịa|1|1
10846|chakèlekē|1|1
10847|njibì|1|1
10848|ntụjụ|1|1
10849|ekemekpe|1|1
10850|kwugide|1|1
10851|obìịdàm̀bà|1|1
10852|arụrụàlà|1|1
10853|ngagharị̣iwē|1|1
10854|ǹgànihu|1|1
10855|ucheụ̀dà|1|1
10856|nkanka|1|1
10857|ọdụ̀dụ̀ nwa|1|1
10858|me àkàjà|1|1
10859|gọ ofọ|1|1
10860|pịakọ|1|1
10861|òdaākwụ̄kwọ̄|1|1
10862|èledà|1|1
10863|kàtọ|1|1
10864|ụgbọòlòko|1|1
10865|nchagha|1|1
10866|bịam̀bịaụ̀dà|1|1
10867|akpatooyī|1|1
10868|dọ ọdụ̀|1|1
10869|ebewùsìrìike|1|1
10870|kpụdèbè (ǹso)|1|1
10871|fopụ̀|1|1
10872|sekpụ̀pụ̀|1|1
10873|ùsòròndịezè|1|1
10874|àsị̀nilu|1|1
10875|akpụ̀olū|1|1
10876|isiakwụ̄|1|1
10877|m̀wọ̣|1|1
10878|sa isī|1|1
10879|m̀kpọnàlà|1|1
10880|èribè|1|1
10881|to ūtō|1|1
10882|ngōlō|1|1
10883|tụ̀m̀bọm|1|1
10884|nkwufè|1|1
10885|àmànsi|1|1
10886|enyimmīrī|1|1
10887|àzụmahịa|1|1
10888|gọ|1|3
10889|mụrụmụrụ|1|1
10890|mecha|1|1
10891|àlaàlà|1|1
10892|ntụ̀cha|1|1
10893|agwụ̀gwa|1|1
10894|ǹdànùsòrò|1|1
10895|nsere|1|1
10896|nsère|1|1
10897|atụ̀màtụ̀okwū|1|1
10898|pụ̀nara|1|1
10899|sọnye|1|1
10900|ụ̀kpàlà|1|1
10901|òdebeego|1|1
10902|̀ọgwụ̀ịbà|1|1
10903|ebemgbabà|1|1
10904|ha kà|1|1
10905|ntowanye|1|1
10906|rùgide|1|1
10907|ǹgànokè|1|1
10908|nọọ̄sụ elizā|1|1
10909|ǹsònààzụ|1|1
10910|ǹnọ̀nètitì|1|1
10911|ìkpùru|1|1
10912|àkàjà|1|1
10913|ìsusu|1|1
10914|manye|1|1
10915|anyaụ̀fụ|1|1
10916|ǹjèm̀nleta|1|1
10917|mechu ihū|1|1
10918|ha nrī|1|1
10919|m̀gbere|1|1
10920|gba ịpàrà|1|1
10921|ndebìri|1|1
10922|ekwòrò|1|1
10923|ọsụègusi|1|1
10924|arịa|1|1
10925|okwuntàbirē|1|1
10926|mangalà|1|1
10928|ịpàrà|1|1
10929|pịasà|1|1
10930|Ụkà Anglịkan|1|1
10931|òdoòdò|1|1
10932|ètitiàbàlị̀|1|1
10933|nsòkwụnye|1|1
10934|ǹnọ̀nimē|1|1
10935|arụmarụ|1|1
10936|ha nhā|1|1
10937|ọ̀gbam̄bọ̄|1|1
10938|gọ arụ̄sị̄|1|1
10939|nwụchu|1|1
10940|òtuọgbọ|1|1
10941|ịbàanyaèdò|1|1
10942|aghụlọ̀|1|1
10943|nkwòchaàhụ|1|1
10944|mmanyaọkụ̄|1|1
10945|m̀mèm̀me|1|1
10946|enwēnneenwēnnà|1|1
10947|egbèokwū|1|1
10948|mmiriiyī|1|1
10949|ajụàlà|1|1
10950|osèoyìbo|1|1
10951|hi mmīrī|1|1
10952|ọ̀kààkàà|1|1
10953|pụ̀ ichè|1|1
10954|megbu|1|1
10955|ọ̀kwọụgbọelū|1|1
10956|pà|1|1
10957|hafè|1|1
10958|ihenrite|1|1
10959|mmepụ̀t̀a|1|1
10960|ti īwū|1|1
10961|m̀menònwe|1|1
10962|òdaakwụkwọ ego|1|1
10963|mfànyaakānụ̄ụ̄kwụ̄|1|1
10964|mmefù|1|1
10965|mkpegharị|1|1
10966|ọmàahịā|1|1
10967|njibìakā|1|1
10968|àgụmakwụkwọ|1|1
10969|ọ̀bàràmgbadààlà|1|1
10970|ọ̀chọcha|1|1
10971|pịachi|1|1
10972|ụlọ̀nrī|1|1
10973|mgbukpọ|1|1
10974|ụ̀gwa|1|1
10975|yọchàpụ|1|1
10976|okomoko|1|1
10977|ho|1|1
10978|rịọ arị̀̀rịọ|1|1
10979|ọ̀gbatùmtùm|1|1
10980|kaì|1|1
10981|kwutọ̀|1|1
10982|ùgòja|1|1
10983|mmirinnū|1|1
10984|àkpàarā|1|1
10985|òriọ̀nà|1|1
10986|òpìụ̣gbọ̀ghọ̀rọ̀|1|1
10987|tapawa|1|1
10988|isimmàlite|1|1
10989|mpochi|1|1
10990|mkpumkpuàzụ|1|1
10991|kụ̀|1|1
10992|òtinyeīwūnọ̄rụ̄|1|1
10993|ọkpụtọ̀rọkpụ̄|1|1
10994|okeàzụ̀zụ̀|1|1
10995|ǹgị̀dà|1|1
10996|sigbu|1|1
10997|àhụekere|1|1
10998|ǹtụ̀gbu|1|1
10999|àsè|1|1
11000|ọgụānọ̄|1|1
11001|èzùmikeọrịà|1|1
11002|ìsee|1|1
11003|eluụlọ̀|1|1
11004|ehìafọ̄|1|1
11005|umeàlà|1|1
11006|ịbàrà|1|1
11007|umeisì|1|1
11008|hido|1|1
11009|agbụ̀rụ̀gada|1|1
11010|kewàpụ|1|1
11011|ràta|1|1
11012|gbarụ̀ ihu|1|1
11013|akụkọilū|1|1
11014|nkwughèri|1|1
11015|ùwènè|1|1
11016|ọ̀gwọọgwụ̀|1|1
11017|otùùgbòrò|1|1
11018|akwụkwọozī|1|1
11019|njehiè|1|1
11020|isiawọ̄|1|1
11021|Ìgbò Agbeelū|1|1
11023|ọrụọma|1|1
11024|mmanụakị̄|1|1
11025|ruchi|1|1
11026|mmanụaṅụ̄|1|1
11027|ọtụrụ̣ọ̀kàrà|1|1
11028|nkùnimi|1|1
11029|mabàta|1|1
11030|mbìnyeakā|1|1
11031|kwugharị|1|1
11032|agbàgaǹtì|1|1
11033|àmàmihe kèakamèrè|1|1
11034|pio|1|1
11035|mkpata|1|1
11036|àdịgbòrojā|1|1
11037|òtenkwụ|1|1
11038|ọ̀kụegwu|1|1
11039|pị̀gbu|1|1
11040|akụkụụwà|1|1
11041|zirièzi|1|1
11042|hàzi|1|1
11043|ọdụ̀ụgbọàlà|1|1
11044|ìgùbè|1|1
11045|ọnwa asaà|1|1
11046|nwetàzù|1|1
11047|ọbọ̀akā|1|1
11048|ọnụegō|1|1
11049|abụmgbasà|1|1
11050|àrịụkwụ̄|1|1
11051|òmebeīwū|1|1
11052|mkpebìsi|1|1
11053|ọ̀kwọụ̄gbāàlà|1|1
11054|ahaÌgbò|1|1
11055|ọ̀bàràmgbalielù|1|1
11056|paàpà|1|1
11057|ọbaakwụkwọ|1|1
11058|òmenanrọ|1|1
11059|ògirìsì|1|1
11060|okeegwù|1|1
11061|ọnụnaekwurụọ̀hà|1|1
11062|èdemùgwù|1|1
11063|ìgùrùbè|1|1
11064|gafè|1|2
11065|rịgo|1|1
11066|ta ahịhịa|1|1
11067|nnwereònwe|1|1
11068|òbìrìnajaọcha|1|1
11069|obìèbèrè|1|1
11070|òmèkịtọ̄rọ|1|1
11071|mụ̀ anyā|1|1
11072|me ọhụrụ̄|1|1
11074|rịọta|1|1
11075|ọ̀kụ̀ụ̀tabà|1|1
11076|àkpụraakpụ|1|1
11077|ùrirì|1|1
11078|chichàpụ ezē|1|1
11079|mkpesa|1|1
11080|akwụkwọnsọ̄|1|1
11081|màma|1|1
11082|okeòsìmìrì|1|1
11083|rapụ̀ta|1|1
11084|ụ̀yọ̀kọ|1|1
11085|ntozù|1|1
11086|kwàlite|1|1
11087|òdoziakụ̀|1|1
11088|Izrèl|1|1
11089|mgbàkọnàmwepụ̀|1|1
11090|ọdụ̀ụgbeelū|1|1
11091|kwupụ̀ta|1|1
11092|òkwuarụ̄sị̄|1|1
11093|anụmmiri|1|1
11094|àkàrògòrì|1|1
11095|m̀kpọọ̄kụ̄|1|1
11096|òtunzuzo|1|1
11097|mkpụrụụ̀dàsụ̀sụ|1|1
11098|tọpụ̀|1|1
11099|nwunyèedī|1|1
11100|mebī īwū|1|1
11101|ichekuọkụ̄|1|1
11102|ǹlurumìlu|1|1
11103|ọlàolū|1|1
11104|ụtanwaǹgwère|1|1
11105|ìziimī|1|1
11106|efereegwū|1|1
11107|Àjị̀kwụ̀|1|1
11108|òpìikē|1|1
11109|m̀pụūlē|1|1
11110|ùforoezē|1|1
11111|ọrụèbùbè|1|1
11112|ǹtị̀tọ̀|1|1
11113|Jenụwarị̀|1|1
11114|Ọgọst|1|1
11115|àbụabụ̄ghị̄|1|1
11116|kwòcha|1|1
11117|agụụlọ̀|1|1
11118|ọ̣̀wàmmīrī|1|1
11119|Nnekà|1|1
11120|èmekarị|1|1
11121|nwamgbè|1|1
11122|mmerịta|1|1
11123|ichoòkù|1|1
11124|bulite|1|1
11126|ọ̀chịchịonyekwùouchèya|1|1
11127|ebensọ̄|1|1
11128|abadabaefere|1|1
11129|pị̀|1|1
11130|m̀kpịsịodeè|1|1
11131|ǹtaakụkọ|1|1
11132|tụle|1|1
11133|wakpò|1|1
11135|chịgbu|1|1
11136|kwò ụra|1|1
11137|kpà isi|1|1
11138|àkpàamụ̀|1|1
11139|bubàta|1|1
11140|ogbèakwụ̄|1|1
11141|nwụdo|1|1
11142|àlàezè|1|1
11143|ìkìrì|1|1
11188|imem̄kpūkè|1|1
11144|àgbaọhụ̣̀rụ|1|1
11145|kwusà|1|1
11146|ìjìriìjì|1|1
11147|zomì|1|1
11148|ìri nà àbụọ|1|1
11149|isiahịrị̄|1|1
11150|onyeàsị̀rị̀|1|1
11151|Pòtòkiri|1|1
11152|igwēǹkwọihe|1|1
11153|tịtaǹgwèrè|1|1
11154|shugà|1|1
11155|onyaakeebē|1|1
11156|kwo èkwò|1|1
11157|enyō ènyò|1|1
11158|nzèrèntozù|1|1
11159|ǹgàrị|1|1
11160|nàrị̀gà|1|1
11161|òkpuamụ̀|1|1
11162|ochìèdikē|1|1
11163|ihuakwụkwọ|1|1
11164|tụkpọ|1|1
11165|òsègbu|1|1
11166|rifọ|1|1
11167|Jizọ̄s|1|1
11168|ọ̀tọbị̄rị̄bị̄rị̄|1|1
11169|nọọ̀rị|1|1
11170|ekeọgbà|1|1
11171|nsìnàgbụ̀rụ̀|1|1
11172|hepụ̀|1|1
11173|akpataoyī|1|1
11174|mpụ̀tàrà|1|1
11175|nzùbe|1|1
11176|kpọ̀tụrụ|1|1
11177|Maāchị̀|1|1
11178|ǹhịaāhụ̄|1|1
11179|Dìsembà|1|1
11180|èkèle|1|1
11181|Ọ̀ktobà|1|1
11182|Meè|1|1
11183|àrụ̀bara|1|1
11184|agbòrò|1|1
11185|m̀bara|1|1
11186|kwechi|1|1
11187|ọ̀kpàdi|1|1
11189|nkọwasị|1|1
11191|akantagide|1|1
11197|fù nkwụ̄|1|1
11198|hị ahị|1|1
11199|tụdàta|1|1
11200|hulata|1|1
11201|òtiēgwū|1|1
11202|kpa ǹkàtà|1|1
11203|ǹzùròkè|1|1
11204|onyeamụma|1|1
11205|Tuuzde|1|1
11206|m̀kpọàhà|1|1
11207|ǹkànụzụ|1|1
11208|mmàaghā|1|1
11209|rụpụ̀tà|1|1
11210|ọrụngō|1|1
11211|emò|1|1
11212|gbà erè|1|1
11213|kọleèjì|1|1
11214|gharịị|1|1
11215|Sọndè|1|1
11216|Eprèèl|1|1
11217|ànọnòkè|1|1
11218|òrùụra|1|1
11219|ǹchemmīrī|1|1
11220|hogha|1|1
11221|abụ̀bọ̀ọrụ̄|1|1
11222|duhiè|1|1
11223|akụmirigwē|1|1
11224|nrubiisī|1|1
11225|rìrìrì|1|1
11226|uchùchurū|1|1
11227|òri nchekwa ahụ̄|1|1
11229|ọrịàshugà|1|1
11230|ụkaọ̀dị̀nàlà|1|1
11231|ọruugbō|1|1
11232|nọọ̀nwa|1|1
11233|ọ̀chịchị ezèchihachìbèrè|1|1
11234|òseēkā|1|1
11235|ajọ̄ọhịa|1|1
11236|àfụ̀ọnụ̄|1|1
11239|ọ̀gụụlọ̀|1|1
11240|kpakọta|1|1
11241|nleretụ|1|1
11242|tịkọ isī|1|1
11243|ǹjèm̀mkpọtụrụ|1|1
11244|ogwùmaàgàlà|1|1
11245|iheòwuwu|1|1
11246|ọ̀kpụìtè|1|1
11247|pìnye|1|1
11248|mbụ̀bàanyā|1|1
11249|pukuga|1|1
11250|onyensọ̄|1|1
11251|nwannwā|1|1
11252|ìjèrìgà|1|1
11253|ị̀yọ̀rọ̀|1|1
11254|nkwụelū|1|1
11255|nkọwàmi|1|1
11256|Fraịdè|1|1
11257|ọ̀kpọīkpē|1|1
11258|òtiọ̄kpọ̄|1|1
11259|mfịkọàhụ|1|1
11260|ǹdègà|1|1
11261|nzuodeè|1|1
11262|ọ̀dọọkụ̄|1|1
11263|ụ̀dị̀nà|1|1
11264|àbụmoke|1|1
11265|pịkọ̀|1|1
11266|òsin̄gọ̄|1|1
11267|pị arūsị̄|1|1
11268|ha mmirī|1|1
11269|ujiọnū|1|1
11270|nwaāmādī|1|1
11271|ǹchụānwụ̄|1|1
11272|ọ̀kpụōnūgbù|1|1
11273|hiwe|1|1
11274|peka|1|1
11275|dị nrò|1|1
11276|mgbịrịmgba|1|1
11277|zànyè|1|1
11278|m̀gbụ̀rị|1|1
11279|setọ̀|1|1
11280|onyoozī|1|1
11281|mị̀kọrọ|1|1
11282|ìriga|1|1
11283|onùkwu|1|1
11284|ọnwụ ikē|1|1
11285|ǹtọ̀ǹtọrị̄|1|1
11286|sà akwụkwọ|1|1
11287|napụ̀ ara|1|1
11288|ọ̀mụmikpē|1|1
11289|ujiimī|1|1
11290|ọbannyòcha|1|1
11292|hè ehè|1|1
11293|ogbènyèọnụntụ̄|1|1
11294|cha acha|1|1
11295|fè okè|1|1
11296|ahụ̀rụ̀|1|1
11297|òchiǹtị̀|1|1
11298|ogwòrò|1|1
11299|àtụ̀tụ̀|1|1
11300|agàmeèvù|1|1
11301|ǹnara|1|1
11302|gagharị|1|1
11303|se elū|1|1
11304|èlèọrụ̄|1|1
11305|tụrụ̀|1|1
11306|èberebe|1|1
11307|àchàràkwoto|1|1
11308|kùli|1|1
11309|Nọ̀vembà|1|1
11311|ihenkèta|1|1
11312|wụkwàsị|1|1
11313|tagide|1|1
11315|ọdụenyī|1|1
11316|Òririnsọ|1|1
11317|Tọọzde|1|1
11318|àbụmiìnyòm|1|1
11319|ndịìnyòm̀|1|1
11320|nye ọkụ|1|1
11321|dò anyā|1|1
11322|atịtị̄|1|1
11323|ǹson̄sō|1|1
11324|dayọsìs|1|1
11325|ọ̀chịchịnchigbu|1|1
11326|debìrì|1|1
11327|kpọgide|1|1
11328|ngòrò|1|1
11329|ihenripịà|1|1
11330|kpụpụ̀ta|1|1
11331|hika|1|1
11332|oluakwà|1|1
11333|ara|1|2
11334|ire|1|1
11335|aghụ|1|1
11336|ǹchịnume|1|1
11337|ọlēèdò|1|1
11338|nkwòǹkwòụkwū|1|1
11339|Mọndè|1|1
11340|Wenezde|1|1
11341|Febụwarị̀|1|1
11342|Istà|1|1
11343|ọ̀zaraọ̄nụ̄|1|1
11344|ǹjìàkpọ|1|1
11345|tụkwàsa|1|1
11346|ọlụ̀ọọ̄lāā|1|1
11347|ọgụ afọ̀|1|1
11348|pụ̀ta ìhiè|1|1
11349|amụ̀màmụ̀|1|1
11350|kàǹda|1|1
11351|uzerē|1|1
11352|nye ikike|1|1
11353|nwanēkù|1|1
11354|ri egō|1|1
11355|siji|1|1
11356|akwàoyī|1|1
11357|onyeǹchụàjà|1|1
11358|anuūfē|1|1
11359|me nnwa|1|1
11360|onyeǹtọ̀(rị)|1|1
11361|Satọ̀de|1|1
11362|Ekeresìmeèsì|1|1
11363|họpụ̀ta|1|1
11364|àkpàkwùrù|1|1
11365|ndịìkòm̀|1|1
11366|berè|1|1
11367|nwaatụrụ̄|1|1
11368|m̀gbapịaàkpịrị̄|1|1
11369|tụkọ̀lata|1|1
11370|ti|1|1
11371|takụ|1|1
11372|èpùm̀|1|1
11466|gwakọta|1|1
11373|èkpòmọọkụ|1|1
11374|kwàgbu|1|1
11375|azị̀zarā|1|1
11376|abụ̀rị̀bụ̀|1|1
11377|gịrịgịrị|1|1
11378|m̀pàtàakā|1|1
11379|ngèretụ|1|1
11380|mpekere|1|1
11381|onyeọ̀zụ̀zụ̀ atụrụ̄|1|1
11382|ndịọrụ̄|1|1
11383|abụbàanyā|1|1
11384|arụ̄|1|1
11385|gbake|1|1
11386|tinyekwu|1|1
11388|wànye|1|1
11389|kpekère|1|1
11390|tụ anya|1|1
11391|kpọkù|1|1
11392|àbàlị̀dị̀egwù|1|1
11393|Nàị̀jirīà|1|1
11394|arụ|1|2
11395|leghàra anyā|1|1
11396|chụkwute|1|1
11397|ìkùanyā|1|1
11398|onyenlekọta|1|1
11399|awaị|1|1
11400|akaùwe|1|1
11401|ọ̀dị̀dàanyanwụ̄|1|1
11402|nwa nwaànyị̀|1|1
11403|nkōtō|1|1
11404|sìnìma|1|1
11405|kàtuùnù|1|1
11406|kwụsịtụ|1|1
11407|ọ̀gọm̄mụ̄ọ̄|1|2
11408|mkpùghe|1|1
11409|hànye|1|2
11410|ngụrụtụ|1|1
11411|ùsekwū|1|1
11412|ma jìjìjì|1|1
11413|ọgwụ̀ahụhụ|1|1
11414|yọ̀cha|1|1
11415|ùbebèkeè|1|1
11416|ǹkwụ̀kwụ̀|1|1
11418|ụ̀sọọkụ̄|1|1
11419|kapēètì|1|1
11420|ọ̀mịrị̄|1|1
11421|m̀bụ̀ze|1|1
11422|rinnē|1|1
11423|rịkọ̀melū|1|1
11424|ụlọ̀nkịtā|1|1
11425|ọ̀chịēhī|1|1
11426|onyeọkụ̀|1|1
11427|mmezi|1|1
11428|nkiri|1|1
11429|àlọọ̄mājìjìjì|1|1
11430|òziụ̀dà|1|1
11431|ùkoanwụrụ̀|1|1
11433|kọrọkọrọ|1|1
11434|nnwògha|1|1
11435|òkerekwū|1|1
11436|tufù|1|1
11437|òsim̄mīrī|1|1
11438|ụ̀pịọ|1|1
11439|ọbeekwū|1|1
11440|rọbà|1|1
11441|mgbanwò|1|1
11442|gbali(te)|1|1
11443|nrị̀bàamā|1|1
11444|ma mmā|1|2
11445|ànwụ̀rànwụ|1|1
11446|isiisi|1|1
11447|m̀kpọụ̀dà|1|1
11449|ǹkwụ̀chà|1|1
11450|àtụmahịa|1|1
11451|chọgide|1|1
11452|òkpei|1|1
11453|àgbàikpèrè|1|1
11454|apụ̀le|1|1
11455|ntụrị̀ụkwụ̄|1|1
11456|okòngōlō|1|1
11457|ọrị̀ansèkpọikè|1|1
11458|dọchìgha|1|1
11459|tigbu|1|1
11460|kènyè|1|1
11461|taka|1|1
11462|ashà|1|1
11463|chìcha|1|1
11464|ụzọ̀nwaàbànà|1|1
11465|nịganịga|1|1
11467|agụnkwọ̄|1|1
11468|m̀pètè|1|1
11469|govà|1|1
11470|kọ̀rị|1|1
11471|kpụ isī|1|1
11472|onyeozī|1|1
11473|ụzụza|1|1
11474|sọ anya|1|1
11475|sècha|1|1
11476|òkpòròko|1|1
11477|igēdē|1|1
11478|atalama|1|1
11479|dim̀kpà|1|1
11481|kpọ nkụ̄|1|1
11482|m̀bùze|1|1
11483|nsori|1|1
11484|gbatị|1|2
11485|Juūn|1|1
11487|kpori|1|1
11488|ǹjìnia|1|1
11489|ọnyaafọ̄|1|1
11490|akwèelū|1|1
11491|efere nkụwa|1|1
11492|isiiyī|1|1
11493|gànị̀gànị̀|1|1
11494|Jenesìs|1|1
11495|ị̀nyàgbà|1|1
11496|-ghị|1|1
11497|nyụ ahụ̀rụ̀|1|1
11498|nyụ maāmị̄rị̄|1|1
11499|nyụ ǹsị|1|1
11500|gbụ|1|2
11501|barò|1|1
11503|kpọ ụ̀mị̀|1|1
11504|kiri|1|1
11505|ihenkiri|1|1
11506|ǹkọrọnrī|1|1
11507|kọsa|1|1
11508|kọ̀pu|1|1
11509|àyàràaya|1|1
11510|du ụlọ̀|1|1
11511|zọhiè ụkwụ̄|1|1
11512|wègà|1|1
11513|egwu ọnwā|1|1
11514|uri|1|1
11515|iheōmūmē|1|1
11608|tibàta|1|1
11516|iheegwùregwū|1|1
11517|ledà anyā|1|1
11518|kpopụ̀|1|1
11520|akwụorū|1|1
11521|gbọ nchà|1|1
11522|rụ àlà|1|1
11523|bè okwū|1|1
11524|kpachàpụ̀ anyā|1|1
11526|òkpunnàbụ̀enyi|1|1
11527|ọ̀chị̀agha|1|1
11528|bidèbe|1|1
11529|ọ̀chịchịmwàchi|1|1
11530|kwadà|1|1
11531|ọnụ arụsị̄|1|1
11532|anyaukwu|1|1
11533|butù|1|1
11534|netị anya|1|1
11535|bikwàsị̀ aka|1|1
11537|bùka|1|1
11538|ọ̀chịchịakaikē|1|1
11539|akwaụjụ|1|1
11540|bọ ikè|1|1
11541|chagharị anya|1|1
11542|̀ọkpụ̀rụ̀kpụ̀ okwu|1|1
11543|sajiǹ|1|1
11544|alọ̀m̀|1|1
11545|dụ akā|1|1
11546|ọkwụ̀rụ̀bèkeè|1|1
11547|onyeirō|1|1
11548|gahiè ụzọ̀|1|1
11549|onyeǹdụmọdụ̀|1|1
11550|sèwà|1|1
11551|nkịrịsị|1|1
11552|Kọnēl|1|1
11554|agbakụrụnwokē|1|1
11556|anyaọkū|1|1
11557|mpekịsị|1|1
11558|oluàlà|1|1
11559|namà|1|2
11560|gwọ ọrịà|1|1
11561|mmeri|1|1
11562|̀njụ̀cha|1|1
11563|masị|1|1
11564|àhụm̄gbū|1|1
11565|òlugbù|1|1
11566|awaraza|1|1
11567|gwọ ọ̣gwụ̀|1|1
11568|kòbokò|1|1
11569|tụ egwù|1|1
11570|bokwàsị anya|1|1
11571|mbọakā|1|1
11572|ọkwụakā|1|1
11573|mgbashịrịkọ|1|1
11576|siririwèrèrè|1|1
11578|iherē|1|1
11579|ọ̀taàkàrà|1|1
11580|ụlọ̀ịsāahụ|1|1
11581|yì akwà|1|1
11582|zobe|1|1
11583|ìgwùrùbè|1|1
11584|kwàkọ isinìisi|1|1
11585|igwènzisà|1|1
11586|ihentecha|1|1
11587|kọcha|1|1
11588|òtòrò|1|1
11589|àlụkwāghị̄m|1|1
11590|pètèli|1|1
11591|rìcha|1|1
11592|nọ̀kwu|1|1
11594|kwa ozū|1|1
11595|ụkwụōlōgbā|1|1
11596|àkpaàsị̀rị̀|1|1
11597|mkpụrụanyā|1|1
11598|ngosìpụ̀ta|1|1
11599|lụ|1|1
11600|onyeǹnọ̀chiteānyā|1|1
11601|anyiikē|1|1
11602|onyeūwōōjiī|1|1
11603|anụọ̄kụ̄kọ̀|1|1
11604|okpòrokō|1|1
11605|afọọ̄rụ̄rụ̄|1|1
11606|eririududō|1|1
11607|ọkpụ̀rụ̀kpụ̀|1|1
11609|nsụpè|1|1
11610|nwe onwe|1|1
11611|afọnjọ̄|1|1
11612|injìn|1|1
11613|àmụụ̄ghā|1|1
11614|ezìimī|1|1
11615|pịtọ̀|1|1
11616|ọ̀yọ̀kọ̀|1|1
11617|ntụ̀tụ̀akamèrè|1|1
11618|hịọ|1|1
11619|sògbu|1|1
11620|sụ̀gbu|1|1
11621|gọzi|1|1
11622|àkaǹshị̀|1|1
11623|kònye|1|1
11624|sèkasị|1|1
11625|ndịozī|1|1
11626|mgbazè|1|1
11627|fụ̀chà|1|1
11628|sèka|1|1
11629|eluēlū|1|1
11630|tigọ̀|1|1
11631|ojoko|1|1
11632|yị̀ ara|1|1
11633|kopùte|1|1
11634|kpacha|1|1
11635|m̀kpàabụ̀|1|1
11636|abùnchetā|1|1
11637|gòlì|1|1
11638|ọkwaosè|1|1
11639|ụlāàkwụ̀nà|1|1
11640|onyaahị̄ā|1|1
11641|òchèàzụ|1|1
11642|ǹgụògè|1|1
11643|ezeihū|1|1
11644|Ǹsụkā|1|1
11645|gbàdò|1|1
11646|ọ̀kam̄gbā|1|1
11647|ọnụàkpànnwa|1|1
11648|òdeboògè|1|1
11649|irọọkụ̄|1|1
11650|okenē|1|1
11651|kùnye|1|1
11652|kupụ̀ta|1|1
11653|tozù ètozù|1|1
11654|nòdụ̀ àla|1|1
11655|ụ̀kọmmīrī|1|1
11656|diọkpara|1|1
11657|ọ̀pụ̀rụ̀ichè|1|1
11658|igwēìkùkù|1|1
11659|ìzìụkwụ̄|1|1
11660|ndokọ|1|1
11661|àzịzàakā|1|1
11662|kpụcha|1|1
11663|okìrì|1|1
11664|gbe igbē|1|1
11665|tiji|1|1
11666|alị̀ka|1|1
11667|ahụhụọcha|1|1
11668|njinji|1|1
11669|hi mmirī|1|1
11670|isiọjị̄|1|1
11671|isimbido|1|1
11672|ìkwììkwiī|1|1
11673|tọ̀|1|1
11674|Ijèmmā|1|1
11675|ngìliigbò|1|1
11676|ma akaàkpà|1|1
11677|ọkpụ̀rụ̀kpụ̀ anụ̄|1|1
11678|anụewū|1|1
11679|nkebìahịrị̄|1|1
11680|ekpemekpe|1|1
11681|onyeụjō|1|1
11682|tụ àgwà|1|1
11683|anụatụ̄rụ̄|1|1
11684|àlụmdinànwunyè|1|1
11685|ngịlịafọ̄|1|1
11686|akwāājị̀|1|1
11687|ntị̀ikē|1|1
11688|sè anwụ̀rụ̀|1|1
11689|wụ mmīrī|1|1
11690|ahàakā|1|1
11691|sepụ̀ta|1|1
11692|rọtù|1|1
11693|suru|1|1
11694|ùmejū|1|1
11695|iko mbụụwa|1|1
11696|kụdà|1|1
11697|òkpuaghā|1|1
11698|ma mmà|1|1
11745|m̀bèm̀|1|1
11699|ụkpọ̀ọkụ̄|1|1
11700|ùforo|1|1
11701|àgbàtàobì|1|1
11702|ùhuluchi|1|1
11703|ǹtụògwè|1|1
11704|pụ īrō|1|1
11705|ti ūbū|1|1
11706|mmiriaṅụ̄|1|1
11707|ǹsara|1|1
11708|ògòrì|1|1
11709|ufèrè|1|1
11710|tụbì|1|1
11711|ọnyāūdūdō|1|1
11712|akàraǹgwù|1|1
11713|kọ̀nye|1|1
11714|òkìrìkiri|1|1
11715|òleè|1|1
11716|àkpịrị̄mgbaka|1|1
11717|rụ ọgwụ̀|1|1
11718|sapụ̀|1|1
11719|hụ̀ agbọọ̄|1|1
11720|m̀bàra|1|1
11721|tidà|1|1
11722|ìkùkum̄mụ̄ọ̄|1|1
11723|ugwuawụsa|1|1
11724|ụgbàlà|1|1
11725|machi|1|1
11726|dọ̀ba|1|1
11727|tụgbu|1|1
11728|jedèbe|1|1
11729|gbuke|1|1
11730|ǹjìrìmara|1|1
11731|tụ m̄gbērē|1|1
11732|kpọchi ntì|1|1
11733|nupù isī|1|1
11734|ta atụ̄|1|1
11735|lụ nwunyè|1|1
11736|jedebe|1|1
11737|mụba|1|1
11738|tigwò|1|1
11739|àpìrìko|1|1
11740|ìrùrò|1|1
11742|to afọ̄|1|1
11743|kwọsa mmirī|1|1
11744|òjìụkwụàga|1|1
11746|rụ ụlọ̀|1|1
11747|uhìrì|1|1
11748|ùhiè|1|1
11749|òkùkòrò|1|1
11750|ìkiriụkwụ̄|1|1
11751|ọnụụ̄tụ̄tụ̀|1|1
11752|Ifeọma|1|1
11753|fe arusị̄|1|1
11754|gọ agụ̀gọ|1|1
11756|fo ezē|1|1
11757|afọnrī|1|1
11758|gụpụ̀|1|1
11759|kpọ ụ̄tābà|1|1
11760|sọ ìsì|1|1
11761|gbo ọ̀gụ̀|1|1
11762|kpọmkpọm|1|1
11763|ùgbòròòle|1|1
11764|ùgbòròàbụ̀ọ|1|1
11765|ghasà|1|2
11766|kwụ anwụrụ̀|1|1
11767|ǹzìmozi|1|1
11768|dakpò|1|1
11769|ògeè|1|1
11770|teràkọ|1|1
11771|gbado|1|1
11772|ụlọ̄àhụikē|1|1
11773|ìtèmaāmị̄rị̄|1|1
11774|fèminìzìm|1|1
11775|ụgbọàmàrà|1|1
11776|okotiọ̄kpọ̄|1|1
11777|gwe ọkà|1|1
11778|urùegō|1|1
11779|ibeọtụ̀|1|1
11780|onyenwēụlọ̀|1|1
11781|kwà akā|1|1
11782|gbàm|1|1
11783|tụ ụ̀dọ̀|1|1
11784|ùgbòruùgbòrò|1|1
11785|chu ēchū|1|1
11786|egbùgbèrèọnụ̄|1|1
11787|lakpu|1|1
11788|wemì|1|1
11789|ụmụ̀ọkpụ̄|1|1
12018|do edo|1|1
11790|ụlọīkwūù|1|1
11791|ǹgụnààzụ|1|1
11792|ǹgụniihu|1|1
11793|ǹtụ̀kpọ|1|1
11794|ǹnọ̀neelū|1|1
11795|ǹnọ̀nààlà|1|1
11796|urùkpù|1|1
11797|gwụsị|1|1
11798|lomì|1|1
11799|èsì|1|1
11800|gbọ ụja|1|1
11801|àkpalā|1|1
11802|àwọ̀rọ̀|1|1
11803|wụdà|1|1
11804|wakwu|1|1
11805|ụ̀zọụ̄tụ̄tụ̀|1|1
11806|ebìghèèbì|1|1
11807|ùlùkùrùbụbā|1|1
11808|ụgbọ̀gụ̀rụ̀|1|1
11809|urùghùrù|1|1
11810|ụgwọọnwā|1|1
11811|zìla|1|1
11812|fepù|1|1
11813|ịkpàrị̀kpà|1|1
11814|ọnụụlọ̀|1|1
11815|gatè akā|1|1
11816|akpụ̀rụ̀|1|1
11817|ọnụmara|1|1
11818|tụkpō āsị̄|1|1
11819|tà amōōsū|1|1
11820|ngàra|1|1
11821|kụ mgbarịmgba|1|1
11822|gba nkwụ|1|1
11823|medà obì|1|1
11824|dàgà|1|1
11825|zọ ǹzọ̀|1|1
11826|te nkwụ|1|1
11827|rụcha|1|1
11828|de ūdē|1|1
11829|dekpo|1|1
11830|tụ òkwè|1|1
11831|maburutụpụ̀|1|1
11832|zùbe|1|1
11833|kpụ̀go|1|1
11834|lekọta|1|1
11836|zụ̀lite|1|1
11837|kpọkwù|1|1
11838|zụtọ̀|1|1
11839|begide|1|1
11840|zonarị|1|1
11841|yiwa|1|1
11842|zọ̀gbù|1|1
11843|kwànye ọkụ̄|1|1
11844|ọkụm̄mụ̄ọ̄|1|1
11845|re ọgwụ̀|1|1
11846|kụ ọgwụ̀|1|1
11847|kwànye|1|1
11848|m̀gbọ̀rọ̀dị|1|1
11849|tụ mmām̄mā|1|1
11850|menwò|1|1
11851|megharị|1|1
11852|kpokọ̀nata|1|1
11853|akaàkpà|1|1
11854|m̀pàtà|1|1
11855|ọgbakụrụnwokē|1|1
11856|ti m̄mọ̄nwụ̄|1|1
11857|ọfọ̀rọ̀|1|1
11858|meghèri|1|1
11859|àhụajā|1|1
11860|ǹgwùrù|1|1
11861|ùdiisī|1|1
11862|mejọ̀|1|1
11863|kpụpụ̀|1|1
11864|kpado|1|1
11865|ọ̀tọbìrì|1|1
11866|mị azụ̀|1|1
11867|nkoròpuobì|1|1
11868|anyọọma|1|1
11869|niwe|1|1
11870|mmadụ̀ niilē|1|1
11871|mụ n̄nwā|1|1
11872|lefù anya|1|1
11873|lodà|1|1
11874|dọka|1|1
11875|chèzọ|1|1
11876|rafù|1|1
11877|ji (ējī)|1|1
11878|nọkọ̀ba ọnū|1|1
11879|nrọgọ̀|1|1
11880|napụ̀ta|1|1
11881|nchègharị|1|1
11882|lọta|1|1
11883|mụpùta|1|1
11884|zachàpụ̀|1|1
11885|lakwu|1|1
11886|bịrịbịrị|1|1
11887|òsìmìrìnnū|1|1
11888|kwụ ụgbà|1|1
11889|wụbà|1|1
11890|zọdọ|1|1
11891|che m̄gbā|1|1
11892|kụpù|1|1
11893|akwànhichaakā|1|1
11894|mị̀nye|1|1
11895|ọ̀kàràafọ̀|1|1
11896|zàchi|1|1
11897|zọtọ̀|1|1
11898|zachi|1|1
11899|ụlọ̀anwụ̄|1|1
11900|mesi ikē|1|1
11901|kụ ọkà|1|1
11902|me eberè|1|1
11903|màpu|1|1
11904|makùdo|1|1
11905|onye ọ̀bụlà|1|1
11906|bècha|1|1
11907|tụ ime|1|1
11908|ntụọcha|1|1
11909|hìcha ākā|1|1
11910|mụkwo|1|1
11911|ènyèmaka|1|1
11912|tụnye|1|1
11913|kòwe|1|1
11914|weda àlà|1|1
11915|ọ̀kpụīsieringo|1|1
11916|dakwàsị|1|1
11917|akaọrụ̄|1|1
11919|yatọ̀ ọnụ̄|1|1
11920|fesà|1|1
11921|me nzuzù|1|1
11922|bìte|1|1
11923|zipụ̀|1|1
11924|mekata|1|1
11925|mụ̀nye|1|1
11926|mekọ|1|1
11927|kpụgharị̄|1|1
11928|akwànhichaāhụ̄|1|1
11929|me ntiwā|1|1
11930|zụpụ̀ta|1|1
11931|ọdọ̀ọrụ̄|1|1
11932|bèdo|1|1
11933|akpụrụka|1|1
11934|ànụ̀nụànụ̀nụ̀|1|1
11935|ri mbọmbọ|1|1
11936|akwa àrị̀rị̀|1|1
11937|ọ̀nàtàràchi|1|1
11938|erīērī|1|1
11940|kpụbà|1|1
11941|yikpò|1|1
11942|ọnụnụụlọ̀|1|1
11943|kpọdèbe|1|1
11944|kpọrè|1|1
11945|kpụchìgha|1|1
11946|kwakọdo|1|1
11947|bìnye akā|1|1
11948|kwụdèbe|1|1
11949|nọdèbe|1|1
11950|kpọwa|1|1
11951|ọdụ̀anyā|1|1
11952|ònozi|1|1
11953|̀̀sụ̀nye|1|1
11954|ehīghịụra|1|1
11955|dibụlọ̀|1|1
11956|onyeọhụrụ|1|1
11957|zụ̀wa|1|1
11958|nwu gbàà|1|1
11959|tinyecha|1|1
11960|kwukpò|1|1
11961|pizà|1|1
11962|azụ̀ọkpọọ̄|1|1
11963|Ùdochūkwū|1|1
11964|chaṅụ̀|1|1
11965|pa|1|1
11966|ihemgbòchiobì|1|1
11967|ànyị̀m̀|1|1
11968|akpàtìnrī|1|1
11969|mùchi anya|1|1
11970|wụfè|1|1
11971|tụ uchè|1|1
11972|rụ̀ ụkwụ̄|1|1
11973|rapụ̀tà ire|1|1
11975|mgbakeriàlà|1|1
11976|ị̀saalachī|1|1
11977|agụ̄taghị ọnụ̄|1|1
11978|ọ̀ṅụm̄mānyā|1|1
11979|chè uchè|1|1
11981|ri urù|1|1
11982|pu ēpū|1|1
11983|ga ijè|1|1
11984|ta ụ̀za|1|1
11985|m̀gbàǹchefù|1|1
11986|agaraāhụ̄|1|1
11987|alị̀ghị̀lị̀|1|1
11988|de èdè|1|1
11989|kupù|1|1
11990|gwọ̀ ụrā|1|1
11991|gba ngị̀rị̀g̣ọ̀|1|1
11992|m̀baraigwē|1|1
11993|tọ ọchị̀|1|1
11994|onyenrigbu|1|1
11995|okpokoroisī|1|1
11996|èkemụimē|1|1
11997|ma akwà|1|1
11998|kpafè|1|1
11999|kàgbù|1|1
12000|jesò|1|1
12001|jemì|1|1
12002|kàgharị̄|1|1
12003|onye ọ̀zụ̀zụ̀ atụrụ̄|1|1
12004|nchefù|1|1
12005|ju anyā|1|1
12006|fo chi|1|1
12007|dọgbu|1|1
12008|bụsa|1|1
12009|alakā|1|1
12011|ka ākā|1|1
12012|jì ọsọ̄|1|1
12013|hụ̀ ọnụ̄|1|1
12014|hègharị|1|1
12015|iheōtītī|1|1
12016|dọdo|1|1
12017|do iyi|1|1
12019|do nsọ|1|1
12020|dọkwụnye|1|1
12021|ǹtọọ̀chị̀|1|1
12022|hùgharị|1|1
12023|sìkwa|1|1
12024|dàbere|1|1
12025|ba m̀ba|1|1
12026|fùnarị|1|1
12027|dọpụ̀|1|1
12028|chekata|1|1
12029|cherịta|1|1
12030|wedàta|1|1
12031|dakpùdo|1|1
12032|ịnvọịsị|1|1
12033|ịgbọ̀ọkà|1|1
12034|uhiē|1|1
12035|ridebe|1|1
12036|facha|1|1
12037|nyado|1|1
12038|yi ǹtọ̀ǹtọrị̄|1|1
12039|ịgbọ̄ọgèdè|1|1
12041|bèkanye|1|1
12042|fe mmīrī|1|1
12043|feli|1|1
12044|fècha|1|1
12045|febà|1|1
12046|fedàta|1|1
12047|mmụọ̀ozī|1|1
12048|fe akā|1|1
12049|tichàpụ̀|1|1
12050|ụ̀tụisī|1|1
12051|fefè|1|1
12052|fego|1|1
12053|fabà|1|1
12054|fefù|1|1
12055|isiegō|1|1
12056|àkpàabụ̀|1|1
12057|abụ̀akwā|1|1
12058|chekwata|1|1
12059|kwụsi ikē|1|1
12060|fega|1|1
12061|degọ̀|1|1
12062|hụju ānyā|1|1
12063|hụzù|1|1
12064|gafètà|1|1
12065|gbakọ̀|1|1
12066|fela|1|1
12067|hichàpụ|1|1
12068|fu èfù|1|1
12069|hụ ọhụ̀|1|1
12070|hịgharị|1|1
12071|fọpụ̀ta|1|1
12072|ekwerē|1|1
12073|gbụcha ọnụ|1|1
12074|fùnwu|1|1
12075|hụchata|1|1
12076|nwà ànwà|1|1
12077|fụ̀wa|1|1
12078|rikarị|1|1
12079|Tagbo|1|1
12080|ọgwụ̄ùde|1|1
12081|fefèga|1|1
12082|otùuzọ̀ nụụzọ̀ ìri|1|1
12083|onyenwē|1|1
12084|mùghe anya|1|1
12085|àbụmọọnụ|1|1
12086|na mbè|1|1
12087|ǹkuku|1|1
12088|gụhìe|1|1
12089|gafe okè|1|1
12090|gbùwa|1|1
12091|mị āmị̄|1|1
12092|m̀kpara|1|1
12093|gbefè|1|1
12094|àkpà ajị̀|1|1
12095|ị̀nyị̀nyọọ̀zàrà|1|1
12096|busàsị|1|1
12097|bupùte|1|1
12098|gba akaahịā|1|1
12099|ba n'anya|1|1
12100|charàpụ̀ anya|1|1
12101|màlie|1|1
12102|chụli|1|1
12103|dàkpu|1|1
12104|bachàpu|1|1
12105|bùli|1|1
12106|kọwa|1|1
12107|dọrì|1|1
12108|dọ̀li|1|1
12109|dọpụ̀ta|1|1
12110|safù|1|1
12111|mali (elu)|1|1
12112|gba buùtù|1|1
12113|ọ̀ham̄mīrī|1|1
12114|runata|1|1
12115|kọ̀ ọgwụ̀|1|1
12116|dùla|1|1
12117|ụgbàrị̀|1|1
12118|bekwàsị akwā|1|1
12119|dọka akwụkwọ|1|1
12120|fedà|1|1
12121|mmanụụgbaàlà|1|1
12122|dupụ̀|1|1
12123|kpasàpụ|1|1
12124|mgboojiī|1|1
12125|ànyị̀nyìigwè|1|1
12126|akpàratā|1|1
12127|utùrukpè|1|1
12128|ẹwà|1|1
12129|la n'iyì|1|1
12130|ụ̀zàakị̄|1|1
12131|mmanụnrī|1|1
12132|pu ezē|1|1
12133|ehùrù|1|1
12134|gbọ (agbọ)|1|1
12135|gbò mkpà|1|1
12136|àpàtà|1|1
12137|fịkọ̣|1|1
12138|ọlìimī|1|1
12139|ọlāakā|1|1
12140|gwumì|1|1
12141|kụ ōgēnè|1|1
12142|sịsām̀gbò|1|1
12143|ògbupị̄ọ̄m̄|1|1
12144|gba òkorobịà|1|1
12145|gba ọ̄chị̄chị̄rị̄|1|1
12146|mata|1|1
12147|kachàpụ̀|1|1
12148|hụ̀ba āmā|1|1
12149|Chizàràm|1|1
12150|gbatagbata|1|1
12151|fòcha|1|1
12152|gwu ùdèlè|1|1
12153|fụ̀ ọnụ̄|1|1
12154|la mmụọ̄|1|1
12155|jido aka|1|1
12156|de ahà|1|1
12157|akịawụsa|1|1
12158|ìriàbụ̀ọ|1|1
12159|ìriàbụ̀ọ nà otù|1|1
12160|ìriàbụ̀ọ nà àbụ̀ọ|1|1
12161|zọ̀ ụkwụ|1|1
12162|zọkwàsị|1|1
12163|ìriatọ nà ànọ|1|1
12164|ìriātọ̄ nà ìsiì|1|1
12165|ìrìatọ̄ nà ìse|1|1
12166|nọ̀nyèrè|1|1
12167|ìriātọ̄ nà àtọ|1|1
12168|ìriàtọ|1|1
12169|ìriàbụ̀ọ nà ìtoolū|1|1
12170|sụ ọhịa|1|1
12171|ìriàtọ nà otù|1|1
12172|ìriàbụ̀ọ nà àsatọ̄|1|1
12173|kpụ àfụ̀ọnụ̄|1|1
12174|bà n'ihe|1|1
12175|bịakete|1|1
12176|bufè|1|1
12177|bidà|1|1
12178|dakàpụ n'ọchị|1|1
12179|bùru|1|1
12180|chị ụmù|1|1
12181|dị arọ|1|1
12182|chọfè|1|1
12183|bekàpụ̀ta|1|1
12184|M̀gbaàfọ̀|1|1
12185|M̀gboòrìè|1|1
12186|mkpụrụndụ̀|1|1
12187|rụ̀ akā|1|1
12188|rịdà|1|1
12189|rọ̀ nrọ̄|1|1
12190|ru ogō|1|1
12191|gba mbọ̀|1|1
12192|ọ̀tụ̀mọ̀kpọ̀|1|1
12193|zute|1|1
12194|ji ụgwọ|1|1
12195|si nrī|1|1
12196|tabì irē|1|1
12197|ṅụ mmirī|1|1
12198|tèta|1|1
12199|kwụgbu|1|1
12200|ṅụ mmānyā|1|1
12201|rị elū|1|1
12202|kwachī|1|1
12203|resi|1|1
12204|rikwu|1|1
12205|kwubu|1|1
12206|re ūrē|1|1
12207|kwu mpụ|1|1
12208|sè sị̀ga|1|1
12209|isiọ̄chị̄chị̄|1|1
12210|lụ di|1|1
12211|gwu alà|1|1
12212|gụ egwū|1|1
12213|kè nrī|1|1
12214|wèta egō|1|1
12215|gbu mmadụ̀|1|1
12216|agbànyèghì|1|1
12217|ihu ọcha|1|1
12218|kọ (akọ)|1|1
12220|isiakā|1|1
12222|mụnwà|1|1
12223|dozi okwu|1|1
12224|isimmīrī|1|1
12225|mgbammīrī|1|1
12226|ìgwèatụrụ̄|1|1
12227|rọ|1|1
12228|mmirichūkwū|1|1
12229|nwọọ̀ban̄shị̄|1|1
12230|ekèlụụ̀wà|1|1
12231|dupụ̀ta|1|1
12232|bùlata|1|1
12233|dùga|1|1
12234|kpa ǹgàngà|1|1
12235|èbùmpùtụụ̀wà|1|1
12236|akwòochē|1|1
12237|ǹkapị̄|1|1
12238|kpọdo|1|1
12239|zidàta|1|1
12240|mị mmà|1|1
12241|akpụkpụụkwụ̄|1|1
12242|zidàtà|1|1
12243|ti ihe|1|1
12244|bekàpụ̀|1|1
12245|mwute|1|1
12246|gwazi|1|1
12247|Ikechukwu|1|1
12248|bukọdo|1|1
12249|rọ̀ anya|1|1
12250|iheahịā|1|1
12251|akaahịā|1|1
12252|gba akaahị̄ā|1|1
12253|ùbùbe|1|1
12254|m̀gbèochìè|1|1
12255|riju|1|1
12257|meju|1|1
12258|mesò|1|1
12259|mmeem̄mēē|1|1
12260|mkpo anwụ̀rụ̀|1|1
12261|bịàju|1|1
12262|ǹgwuàlà|1|1
12263|mị̀ju|1|1
12264|mkpaakị|1|1
12266|akị̀rịkọ|1|1
12267|biju|1|1
12268|alakaōsīsī|1|1
12269|siju|1|1
12270|wụ̀ju|1|1
12271|akankà|1|1
12272|mịkpọ̄|1|1
12273|nye efè|1|1
12274|nọpụ̀ta|1|1
12275|ofe òwèrè|1|1
12276|nu ēnū|1|1
12277|butè akā|1|1
12278|bute ọrịà|1|1
12279|bu n'obì|1|1
12280|kwutọ̀ ọnụ̄|1|1
12281|zụfọ|1|1
12282|kpagharị|1|2
12283|nwaànyị̀ime|1|1
12284|ṅàgharị|1|1
12285|okòro|1|1
12286|Òkaàfọ̀|1|1
12287|Òkoòrìè|1|1
12288|bù àpà|1|1
12290|recha|1|1
12291|refọ|1|1
12292|refù|1|1
12293|chetè akā|1|1
12294|zụcha|1|1
12295|nọ̀chi ụzọ̀|1|1
12296|nye òhèrè|1|1
12297|chìgha azụ̄|1|1
12298|notè akā|1|1
12299|nyò|1|1
12301|bì nkenke|1|1
12302|òkeneelū|1|1
12303|gbà ọ̀tọ|1|1
12304|àyọ̀rọ̀|1|1
12305|ọ̀kpụīsī|1|1
12306|dùje|1|1
12307|nyị̀do|1|1
12308|iheikē|1|1
12309|àhụòwù|1|1
12310|gbafọ|1|1
12311|kpò (èkpò)|1|1
12312|bịaghàchi|1|1
12313|Nwoorìè|1|1
12314|bù isi|1|1
12316|dọ̀kpụ|1|1
12317|m̀miriòzùzò|1|1
12318|nwa ọ̀kụkọ̀|1|1
12319|dụpu|1|1
12320|ntụ̀tụ̀anya|1|1
12321|chị̀debe|1|1
12322|nwe aṅụ̀rị|1|1
12323|dakọ ọnụ̄|1|1
12324|chi ọzọ̄|1|1
12325|nkwoosè|1|1
12326|ṅụfọ|1|1
12327|gba n'anwụ̄|1|1
12328|nyàka|1|1
12329|nọ̀zi|1|1
12330|nwe àgbà|1|1
12331|du ijè|1|1
12332|na ụ̀tụ|1|1
12333|nwekarị|1|1
12334|onyeàgbàtàobì|1|1
12335|òtipī|1|1
12336|yikwàsị|1|1
12337|ọnọ̀dụòkpòmọkụ|1|1
12338|m̀kpọkị̄tị̄|1|1
12339|ènyiūrē|1|1
12340|tụ̀cha|1|1
12341|mkpàdo|1|1
12342|nọ n'ụ̀fụ|1|1
12343|òtàaka|1|1
12344|keli|1|1
12345|dàkọ|1|1
12346|tikpọ|1|1
12347|tụfèga|1|1
12348|kaptịn|1|1
12349|gbò akwà|1|1
12350|gbatù|1|1
12351|gbe àkàmụ̀|1|1
12352|hụnarị|1|1
12353|gbọwa|1|1
12354|fọ̣̀nye|1|1
12355|mụ̀nye ọkụ|1|1
12356|gba ụtụ|1|1
12357|màmịịwọ̀ta|1|1
12358|ncherịta|1|1
12359|gbebà|1|1
12360|òkenammirī|1|1
12361|gba ụgwọ̄|1|1
12362|gbapụ afọ|1|1
12363|fekwū|1|1
12364|mmụọmmiri|1|1
12365|gwù mmīrī|1|1
12366|do ajā|1|1
12367|mkpopù|1|1
12368|nhazi|1|1
12369|ǹzọ̀go|1|1
12370|dọ n̄dụ̄dọ̄|1|1
12371|dubà|1|1
12372|nrafù|1|1
12373|anyaụrā|1|1
12374|me anyaụrā|1|1
12375|ma ubè|1|1
12376|obìọkụ̄|1|1
12377|zọbì|1|1
12378|gbụ̀cha|1|1
12379|gbakụ̀ta āzụ̄|1|1
12380|dị mfē|1|1
12381|gba mbìbì|1|1
12382|gbàkute|1|1
12383|gbùkasị̄|1|1
12384|gbuji|1|1
12385|gwupụ̀ta|1|1
12386|gbabà|1|1
12387|gbala|1|1
12388|arị̀rịọ|1|1
12389|gbàzi|1|1
12390|gbà ọkpụkpụ|1|1
12391|rịpụ̀|1|1
12392|gba ògìgè|1|1
12393|gba ọ̀gụ̀|1|1
12394|jupụ̀tà|1|1
12395|kwụba|1|1
12396|ripụ̀|1|1
12397|kwute|1|1
12398|ma mmīrī|1|1
12399|kwakọ|1|1
12400|kwatù|1|1
12401|kwaju|1|1
12402|bìbù|1|1
12403|kebì|1|1
12404|nkebì|1|1
12405|dọkasị|1|1
12406|kwafù|1|1
12407|kwobàtà|1|1
12408|dụkọ|1|1
12409|alọbà|1|1
12410|gba ọgwụ̀|1|1
12411|gbasò|1|1
12412|gụ̀ta ọkụ̄|1|1
12413|gọ mmụ̄ọ̄|1|1
12414|gamì|1|1
12415|m̀fon̄tū|1|1
12416|gado akā|1|1
12417|gwute|1|1
12418|kwukọta|1|1
12419|kwe ike|1|1
12420|kpụ ụ̀zụ̀|1|1
12421|ọlụchukwu|1|1
12422|ewezùga|1|1
12423|me arụ̄|1|1
12424|nneọma|1|1
12425|kudà|1|1
12426|gbahàpụ|1|1
12427|nwatànwaanyị|1|1
12428|kpupù|1|1
12429|kpụdèbe nsō|1|1
12430|ma āhụ|1|1
12431|ọsọahịā|1|1
12432|gba ọsọahịā|1|1
12433|kpù ihū|1|1
12435|gha mkpụrụ̄|1|1
12436|nyefè|1|1
12437|nyecha|1|1
12438|sụ̀nye|1|1
12439|sòchi|1|1
12440|gbaga|1|1
12441|tapu|1|1
12442|ọ̀bàràmgbalịelū|1|1
12443|zufè|1|1
12444|wuli|1|1
12445|si ofē|1|1
12446|hunye|1|1
12447|re àlà|1|1
12448|ma ama|1|1
12449|mmirimmīrī|1|1
12450|tọhe|1|1
12451|mago|1|1
12452|tamù|1|1
12453|kpafù|1|1
12454|sòtè|1|1
12455|kpùbe|1|1
12456|kpọbà|1|1
12457|kù ọkụ̄|1|1
12458|memìna|1|1
12459|mgbaka ahụ|1|1
12460|kụ mmānyā|1|1
12461|ku ume|1|1
12462|rikọ|1|1
12463|kùkpu|1|1
12464|kpùdo|1|1
12465|mabà|1|1
12466|lebà anya|1|1
12467|màga|1|1
12468|mịpụ̀|1|1
12469|bì ego|1|1
12470|mefè|1|1
12471|nyị̀ arọ|1|1
12472|lezi anya|1|1
12473|wepụ̀ anyā|1|1
12474|ngwụchaafọ̀|1|1
12475|bèfọ|1|1
12476|kụpịà|1|1
12477|kụgọ̀|1|1
12478|mịkọ|1|1
12479|dènye|1|1
12480|wèfọ|1|1
12481|dekọ̄|1|1
12482|kụmì|1|1
12483|ǹjuakā|1|1
12484|mmakọ̄|1|1
12485|wetù|1|1
12486|ngọpụ̀|1|1
12487|chịtù akā|1|1
12488|m̀pị̀rịmpị̀|1|1
12489|pịgọ̀|1|1
12490|lelì|1|1
12491|mịbà|1|1
12492|pịàcha|1|1
12493|mahà|1|1
12494|lafè|1|1
12495|ke ime|1|1
12496|retọ̀|1|1
12497|rikpu|1|1
12498|potolī|1|1
12499|chètụ|1|1
12500|jufè|1|1
12501|kpori ndụ̀|1|1
12502|jụ̀ta|1|1
12503|mbili|1|1
12504|rezù|1|1
12505|fe òfùfè|1|1
12506|ri ōrīrī|1|1
12507|nyajìpụ|1|1
12508|kwobà|1|1
12509|kwọrì|1|1
12510|ndịagha elū|1|1
12511|ridà|1|1
12512|kpọbata|1|1
12513|gàsi ikē|1|1
12514|yabụ̀|1|1
12515|kwàsị|1|1
12516|ebìghìèbì|1|1
12517|gbagwòju anyā|1|1
12518|nagịde|1|1
12519|ndehie|1|1
12520|leru anyā|1|1
12521|wè ọrụ|1|1
12522|nwụ̀ta|1|1
12523|kwụzù|1|1
12524|nọ̀kọ|1|1
12525|kù nnwā|1|1
12526|zìga|1|1
12527|nnwutē|1|1
12528|nọfè|1|1
12529|Òlìsàechèka|1|1
12530|nyìbe|1|1
12531|sụ nrī|1|1
12532|kwujọ|1|1
12533|kpụ mmà|1|1
12534|kpo uzuzù|1|1
12535|gba àfụ̀ọnụ̄|1|1
12536|bubà|1|1
12537|ajịrịja|1|1
12538|gụ mmīrī|1|1
12539|bepụ̀ta|1|1
12540|agadaga|1|1
12541|gụ ọnụ̄|1|1
12542|bọ̀he|1|1
12543|fụ̀nye umē|1|1
12544|bọli|1|1
12545|ntolite|1|1
12546|hụcha|1|1
12547|chagha|1|1
12548|kpà eriri|1|1
12549|tụ isūsū|1|1
12550|kpokọ̄|1|1
12551|hịkpọ|1|1
12552|ezemfo|1|1
12553|mgbagwòju anyā|1|1
12554|chedebe|1|1
12555|kpoju|1|1
12556|chebà echìchè|1|1
12557|chụ̀la|1|1
12558|chàpu|1|1
12559|wepụ̀ aka|1|1
12560|chadebē|1|1
12561|chàdo|1|1
12562|kpọ̀ta|1|1
12563|ahàuchè|1|1
12564|fụ̀ ọkụ|1|1
12566|chọbụ̄|1|1
12567|ndàbere|1|1
12568|kpezi|1|1
12569|kpagbu|1|1
12570|mmegwara|1|1
12571|fefe īsī|1|1
12572|dufù|1|1
12573|gbàta|1|1
12574|kpụdà|1|1
12575|fụ̀li elū|1|1
12576|fụ̀te|1|1
12577|gozù|1|1
12578|gàkwu|1|1
12579|gụdà|1|1
12580|gụgidē|1|1
12581|gụgharī|1|1
12582|bìdò|1|1
12583|àzamà|1|2
12584|kwà afọ̀|1|1
12585|kwà ụbọ̀chị̀|1|1
12586|jìkèrè|1|1
12587|gụdēbē|1|1
12588|gbàkwu|1|1
12589|gbajē|1|1
12590|klaasị̀|1|1
12591|webà|1|1
12592|wụ̀kọ|1|1
12593|tụbà|1|1
12594|gwọdebe|1|1
12595|zọ̀lì ijè|1|1
12596|tìkọ|1|1
12597|kwodà|1|1
12598|wùbe|1|1
12599|mbàgha|1|1
12600|ru aka|1|1
12601|ri èlèlè|1|1
12602|magharị|1|1
12603|riju afọ|1|1
12604|zapụ̀|1|1
12605|tụdà|1|1
12606|kotù|1|1
12607|kùsa|1|1
12608|kpọgbu|1|1
12609|kootù|1|1
12610|mechi anyā|1|1
12611|kwọ ọkà|1|1
12612|kwò ekwòrò|1|1
12613|mechi ọnụ|1|1
12614|sùchi|1|1
12615|hụta|1|1
11555|anyammiri|1|1
2166|-la|1|5
6177|nya|1|3
6875|à|1|2
4075|afa|1|1
467|-do|1|3
2083|-kèta|1|4
4659|egwu|1|4
4707|elu|1|2
4754|eriri|1|4
4755|esu|1|2
3258|-ta|1|4
4758|esō|1|2
4097|afọ|1|3
8279|ǹkò|1|3
4802|ezì|1|2
5161|kamà|1|2
5123|iwe|1|2
5247|letà|1|2
5268|mba|1|5
5270|mbadamba|1|2
6069|ntùtù|1|2
6075|ntụ|1|2
6880|àbàchà|1|2
6881|àbàda|1|2
6882|àbànà|1|2
7476|ògbo|1|3
7290|ìse|1|2
7293|ìsì|1|2
7296|ìtè|1|3
7304|ìtì|1|2
7692|òkè|1|3
7697|òkìkè|1|2
7704|òkù|1|3
8516|ọkpà|1|3
4529|di|1|2
4860|gị|1|3
6891|àbọ|1|2
6894|àda|1|3
6981|àkwà|1|2
7073|àpà|1|2
7270|ìnyo|1|2
6004|nnà|1|1
7292|ìsiì|1|1
7786|ònwe|1|1
268|-cha|1|7
73|-be|1|2
106|-bu|1|2
158|-bè|1|3
502|-dà|1|2
783|-fè|1|3
1282|-go|1|4
1445|-ju|1|2
1486|-ka|1|5
1847|-kwa|1|6
1907|-kwu|1|5
2229|-lite|1|3
2123|-kọ|1|8
2491|-mì|1|3
2658|-nwà|1|4
2893|-ra|1|9
2914|-re|1|2
2921|-ri|1|2
2931|-ro|1|2
2936|-ru|1|5
3031|-rị|1|4
3038|-rọ|1|4
3050|-rụ|1|2
3056|-sa|1|3
3113|-su|1|4
3126|-sà|1|5
3221|-sị|1|3
3414|-tè aka|1|2
3472|-tụ|1|9
3581|-wa|1|6
3600|-we|1|2
3605|-wo|1|3
3756|-zi|1|5
3802|-zì|1|2
3934|Chukwu|1|2
4002|Nwankwọ|1|3
4032|a|1|3
4055|abụ|1|4
4060|abụbọ|1|2
4068|achị|1|2
4070|ada|1|1
4102|afọ ukwu|1|2
4122|agadī nwokē|1|2
4124|agba|1|2
4132|agbā|1|3
4137|agbụ|1|2
4140|agha|1|4
4148|agwọ|1|2
4165|ahịa|1|2
4166|ahịhịa|1|2
4168|ahụhụ|1|3
4170|aja|1|2
4178|ajà|1|2
4208|aka|1|4
4212|aka ikē|1|4
4232|akpata|1|2
4253|akpụ|1|3
4257|akpụkpa|1|2
4258|akpụkpọ|1|3
4264|akwa|1|3
4269|akwà|1|4
4280|akwụ|1|2
4286|akwụkwọ|1|5
4299|akà|1|2
4319|akụkọ|1|3
4331|alọ|1|2
4336|ama|1|4
4360|amụ|1|2
4361|amụma|1|1
4375|anya|1|4
4607|echichi|1|2
4392|anyikē|1|2
4401|anụ|1|3
4426|arọ|1|2
4441|atụ|1|3
4465|be|1|7
4471|bikō|1|2
4487|bịa|1|1
4491|bụ|1|5
4501|chi|1|6
4520|chọta|1|2
4544|dikē|1|2
4546|dobe|1|2
4548|doo|1|2
4555|dàalụ|1|2
4573|dụ|1|3
4574|e|1|2
4577|ebe|1|5
4593|ebo|1|2
4600|ebùbo|1|2
4601|ebē|1|2
4603|echi|1|3
4608|echìchè|1|2
4609|edi|1|2
4611|edè|1|1
4619|ee|1|2
4626|efè|1|2
4629|efù|1|3
4632|egbe|1|3
4633|egbugbu|1|2
4636|egbè|1|1
4665|egwù|1|4
4666|egō|1|2
4670|ejiji|1|2
4672|ejù|1|3
4674|eke|1|4
4681|ekpè|1|2
4684|eku|1|2
4690|ekwè|1|4
4691|ekwò|1|3
4695|ekè|1|3
4696|ekò|1|2
4699|ele|1|2
4701|elekere|1|2
4717|emesịa|1|1
4745|enyi|1|2
4747|enyì|1|2
4762|etu|1|2
4769|ewu|1|4
4775|ewī|1|2
4780|eze|1|2
4782|ezi|1|3
4790|ezigbo|1|2
4791|ezigbō|1|2
4794|ezè|1|3
4818|fù|1|1
4822|ga|1|2
4828|gba|1|30
4830|gbalaga|1|2
4832|gbamgbam|1|2
4852|gosi|1|2
4858|gàrị|1|1
4866|ha|1|2
4870|heì!|1|1
4872|hụ|1|2
4876|ibe|1|3
4878|ibe akwụkwọ|1|1
4888|ibu|1|2
4890|ibè|1|3
4891|ibì|1|2
4892|ibù|1|2
4893|ibē|1|2
4896|iche|1|4
4903|ichè|1|2
4913|idìdè|1|2
4914|idò|1|3
4987|igbē|1|2
4991|igwu|1|2
4995|igwè|1|3
4998|igwē|1|3
4999|igù|1|2
5000|ihe|1|2
5002|ihu|1|3
5006|ijè|1|2
5007|ijè ọma|1|2
5014|ikekwe|1|2
5017|iko|1|2
5022|ikpo|1|3
5028|ikpù|1|2
5036|ikwè|1|2
5037|ikè|1|2
5051|ime|1|2
5060|imi|1|2
5063|imē|1|1
5088|isi|1|3
5116|isì|1|2
5128|iyì|1|2
5129|iyī|1|3
5138|ji|1|7
5156|ka|1|5
5165|ke|1|6
5168|kpa|1|5
5212|kwọ|1|3
5180|kpà mkpà|1|2
5182|kpọm|1|2
5186|kwa|1|6
5196|kwà|1|4
5207|kwà ọnwa|1|2
5215|kwụsị|1|1
5216|kà|1|5
5232|kèemesịa|1|2
5239|kịtịkpā|1|1
5248|lì|1|2
5251|m|1|4
5252|ma|1|6
5277|mbido|1|2
5281|mbà|1|4
5285|mbè|1|4
5304|mbọ|1|2
5308|megide|1|2
5323|mgbadà|1|2
5326|mgbago|1|2
5337|mgbanwè|1|2
5353|mgbidi|1|2
5372|mgbèdè|1|2
5380|mgbịrịgba|1|2
5382|mgbọwa|1|1
5413|mkpu|1|6
5415|mkpukpu|1|1
5418|mkpà|1|6
5423|mkpàgbu|1|2
5469|mkpọtụ|1|3
5487|mkpụmkpụ|1|3
5502|mmanya|1|3
5509|mmanụ|1|2
5513|mmasị|1|3
5519|mmegbu|1|1
5521|mmekọ|1|1
5524|mmetụta|1|2
5544|mmà|1|3
5554|mmā|1|2
5564|motò|1|2
5568|mpempe|1|2
5570|mpàko|1|2
5589|mà|1|3
5594|màkà|1|2
5602|mụ|1|4
5675|na|1|2
5730|nchedo|1|1
5734|nchà|1|3
5737|nchèkasị|1|2
5739|nchèta|1|2
5773|ndokwa|1|3
5788|ndị|1|3
5792|ndị aghā|1|1
5824|ndọka|1|1
5828|ndọtị|1|2
5833|ngabìga|1|2
5837|nganga|1|2
5839|nghọta|1|2
5840|ngo|1|2
5841|ngongo|1|1
5844|ngwa|1|4
5853|ngwùgwù|1|2
5854|ngwùgwù nnū|1|1
5857|ngwụcha|1|2
5863|ngòli|1|2
5879|njedebe|1|3
5883|njijè|1|1
5890|nka|1|2
5891|nkakwù|1|1
5895|nkeji|1|2
5901|nkenke|1|2
5904|nkonko|1|2
5909|nkwado|1|2
5916|nkwupùta|1|1
5918|nkwà|1|4
5919|nkwụ|1|2
5925|nkàta|1|2
5938|nkịtā|1|1
5940|nkọ|1|4
5942|nkọwa|1|2
5943|nkụ|1|2
5944|nkụjà|1|2
5946|nkụzi|1|2
5948|nlekọta|1|2
5949|nleta|1|2
5968|nne ukwu|1|2
5971|nnekwu|1|1
5991|nnu|1|1
5995|nnukwu|1|2
6002|nnyòchata|1|1
6008|nnà ukwu|1|2
6014|nnē|1|2
6020|nri|1|2
6023|nrù|1|2
6025|nrọ|1|1
6029|nsi|1|2
6035|nsògbu|1|3
6036|nsọ|1|2
6046|nta|1|1
6060|ntà|1|3
6065|ntì ịkpō|1|1
6114|nwa nwoke|1|1
6147|nwantịntị|1|2
6149|nwatà|1|2
6331|ojiī|1|2
6165|nweta|1|2
6167|nwokē|1|2
6173|nwà|1|2
6181|nye|1|2
6193|nzùkọ|1|3
6194|nzā|1|2
6195|nzū|1|2
6197|nà|1|5
6332|ojì|1|3
6204|nàịrà|1|1
6213|nụ|1|3
6219|o|1|4
6239|obì|1|5
6255|obē|1|2
6260|oche|1|3
6268|ofe|1|3
6279|ofè|1|3
6283|ogbè|1|3
6288|ogbī|1|2
6291|oghe|1|1
6299|ogologo|1|2
6311|ogwū|1|1
6313|ogè|1|2
6317|ogìdì|1|2
6318|ogù|1|2
6319|ogùgù|1|1
6334|oke|1|4
6374|okpokolo|1|2
6376|okpokoro|1|2
6382|okpotokpo|1|2
6390|okpì|1|2
6407|okwu|1|4
6415|okwuchi|1|2
6417|okè|1|3
6418|okènyè|1|2
6431|olu|1|1
6436|ome|1|1
6445|onye|1|3
6577|osisi|1|4
6580|osè|1|1
6588|otogbō|1|3
6590|otu|1|2
6594|otuto|1|2
6596|otù|1|3
6599|otùbò|1|2
6605|oyi|1|2
6610|ozi|1|3
6611|ozu|1|3
6626|puku|1|2
6641|sambà|1|2
6651|si|1|3
6653|site|1|2
6664|sè okwu|1|2
6666|sò|1|2
6683|taà!|1|1
6734|ugwù|1|4
6689|tinye|1|2
6694|tupu|1|2
6696|tà|1|2
6698|tòlotòlo|1|1
6707|ubè|1|3
6708|ubì|1|2
6712|uchu|1|2
6713|uchè|1|3
6716|udè|1|2
6728|ugbènè|1|2
6730|ugbō|1|2
6733|ugwu|1|4
6747|ukwu|1|3
6749|ukwù|1|2
6761|ume|1|4
6767|unyi|1|2
6768|unyì|1|2
6775|ute|1|2
6781|uzuzù|1|2
6782|uzè|1|3
6789|wàyo|1|2
6797|ya|1|3
6812|zị|1|2
6813|zụta|1|2
6814|Àba|1|2
6832|Èke|1|2
6843|Ìgbò|1|2
6844|Ìgbò Adàgbè|1|2
6861|Òlìsà|1|2
6870|Ùgòchukwu|1|1
6872|Ùgònnē|1|2
6877|àba|1|3
6902|àdakā|1|3
6913|àfụfā|1|2
6915|àgbà|1|7
6927|àgwà|1|6
6938|àjà|1|3
6941|àjàdù|1|2
6944|àkanwụ|1|2
6945|àkanya|1|2
6958|àkpo|1|3
6959|àkpà|1|3
6974|àkpị|1|2
6977|àkwa|1|3
6984|àkwụ|1|2
6996|àkàrà|1|2
7005|àkùpè|1|2
7007|àkịkà|1|3
7008|àkọ|1|4
7013|àkụ|1|1
7024|àmà|1|6
7040|ànyị|1|2
7071|ànọ|1|2
7113|èbeē|1|2
7116|èbù|1|2
7119|èbùbè|1|2
7122|èdò|1|2
7123|èe|1|2
7136|ègwusi|1|2
7138|èjìma|1|1
7143|èkpè|1|4
7155|èlèlè|1|3
7161|ènyò|1|3
7167|èsèmokwu|1|2
7168|ètitì|1|2
7176|èzi|1|4
7180|èzùmike|1|2
7196|ìfè|1|3
7200|ìgbo|1|2
7222|ìjelè|1|3
7226|ìkeǹgà|1|4
7234|ìko|1|2
7251|ìkpè|1|2
7256|ìkòm|1|2
7259|ìkùkù|1|2
7275|ìnyòm|1|2
7278|ìnìnè|1|2
7306|ìwu|1|2
7315|ìzìzì|1|2
7316|ìzù|1|5
7325|òbi|1|4
7326|òbibi|1|2
7343|òbòdò|1|3
7345|òbù|1|2
7384|òchụchụ|1|2
7388|òdogwu|1|2
7392|òdozi|1|1
7394|òdu|1|1
7400|òdìbò|1|2
7417|òdùdù|1|3
7450|òfufe|1|3
7457|òfùfè|1|3
7477|ògbu|1|3
7493|ògbò|1|5
7499|ògbùgbò|1|2
7506|ògenè|1|2
7521|ògwugwu|1|1
7536|ògèdè|1|2
7538|ògìgè|1|2
7582|òke|1|2
7590|òkolo|1|3
7592|òkoòko|1|2
7603|òkpu|1|2
7606|òkpukpe|1|2
7610|òkpò|1|2
7613|òkpòmọkụ|1|2
7661|òkwutē|1|2
7664|òkwè|1|4
7669|òkwùkwe|1|2
7674|òkwùma|1|3
7761|òmìmì|1|1
7766|òmùme|1|2
7783|ònugbù|1|2
7923|òwù|1|2
7799|ònwùnwò|1|2
7801|ònye|1|1
7802|ònyinye|1|2
7806|ònyìnyò|1|1
7828|òpì|1|3
7862|òsu|1|2
7864|òsè|1|4
7871|òsìsè|1|2
7872|òsìsì|1|2
7887|òtite|1|1
7899|òtù|1|2
7915|òwu|1|2
7917|òwu isī|1|2
7933|òyiyi|1|2
7941|òzizi|1|2
7942|òzuzo|1|1
7950|òzìzè|1|1
7952|òzùzò|1|3
7972|ùbe|1|5
7977|ùbu|1|4
7985|ùbọ|1|2
7992|ùchichì|1|1
7994|ùde|1|3
7997|ùdo|1|2
8000|ùdudō|1|1
8007|ùdù|1|2
8011|ùfe|1|2
8013|ùfochī|1|1
8020|ùfù|1|1
8034|ùgwù|1|2
8037|ùgègbè|1|1
8044|ùju|1|2
8048|ùko|1|1
8053|ùkpoò|1|2
8056|ùkpò|1|2
8060|ùkwe|1|3
8061|ùkwù|1|2
8067|ùkè|1|2
8069|ùkọ|1|2
8072|ùle|1|2
8159|Ǹkwọ|1|2
8161|Ǹrì|1|1
8163|ǹcha|1|3
8166|ǹche|1|2
8168|ǹchì|1|2
8179|ǹdo|1|2
8182|ǹdu|1|1
8188|ǹdèlè|1|2
8190|ǹdìdì|1|2
8192|ǹdò|1|2
8193|ǹdù|1|2
8195|ǹdụdụ|1|2
8196|ǹga|1|2
8202|ǹgedegwū|1|1
8204|ǹgwe|1|2
8205|ǹgwu|1|2
8216|ǹgàjì|1|2
8220|ǹgàǹgà|1|2
8222|ǹgìgè|1|2
8231|ǹje|1|2
8240|ǹjèm|1|2
8241|ǹjèǹjè|1|2
8242|ǹjọ|1|2
8266|ǹkà|1|3
8267|ǹkàtà|1|2
8268|ǹkè|1|2
8281|ǹkù|1|4
8286|ǹkịtị|1|3
8304|ǹso|1|2
8308|ǹsị|1|2
8313|ǹte|1|1
8319|ǹtu|1|2
8324|ǹtì|1|2
8337|ǹzuzo|1|2
8339|ǹzà|1|3
8341|ǹzè|1|2
8346|ǹzù|1|1
8351|ị|1|3
8353|ịbà|1|2
8375|ịgà|1|3
8405|Ọka|1|2
8409|ọ|1|5
8419|ọbà|1|2
8434|ọcha|1|3
8440|ọdà|1|1
8441|ọdàchi|1|2
8477|ọgbụ|1|1
8504|ọhịa|1|2
8508|ọjị|1|2
8526|ọkpụ|1|4
8530|ọkpụkpụ|1|3
8573|ọmìikō|1|2
8534|ọkwa|1|4
8535|ọkwà|1|2
8541|ọkà|1|3
8551|ọkọ|1|2
8554|ọkụ|1|3
8563|ọlà|1|3
8569|ọma|1|3
8571|ọmà|1|2
8578|ọnwa|1|2
8586|ọnwụ|1|2
8588|ọnya|1|2
8589|ọnyà|1|2
8609|ọnụ|1|3
8631|ọnụ ọma|1|2
8637|ọnụnụ|1|2
8640|ọrụ|1|3
8644|ọsọ|1|3
8652|ọtọ|1|2
8673|ọṅụṅụ|1|2
8690|ụdà|1|2
8693|ụgbà|1|3
8698|ụgbọ|1|3
8723|ụka|1|3
8724|ụkpà|1|4
8732|ụkwà|1|2
8733|ụkwụ|1|3
8738|ụkà|1|4
8801|ụra|1|1
8802|ụsụ|1|2
8805|ụta|1|3
8818|ụzịza|1|2
8820|ụzụ|1|3
